250.000000,55.766865
251.000000,55.719611
252.000000,55.645999
253.000000,55.580663
254.000000,55.537818
255.000000,55.456399
256.000000,55.384921
257.000000,55.353664
258.000000,55.336044
259.000000,55.289969
260.000000,55.210606
261.000000,55.157366
262.000000,55.090194
263.000000,55.040049
264.000000,54.955486
265.000000,54.899601
266.000000,54.881238
267.000000,54.800566
268.000000,54.797248
269.000000,54.811903
270.000000,54.773617
271.000000,54.741065
272.000000,54.709695
273.000000,54.671764
274.000000,54.675194
275.000000,54.720850
276.000000,54.707233
277.000000,54.647910
278.000000,54.625304
279.000000,54.594114
280.000000,54.615902
281.000000,54.625376
282.000000,54.557926
283.000000,54.538597
284.000000,54.494421
285.000000,54.540098
286.000000,54.519196
287.000000,54.534606
288.000000,54.512993
289.000000,54.515021
290.000000,54.551996
291.000000,54.501114
292.000000,54.531497
293.000000,54.520277
294.000000,54.528167
295.000000,54.535268
296.000000,54.495495
297.000000,54.498830
298.000000,54.543118
299.000000,54.559966
300.000000,54.481527
301.000000,54.525855
302.000000,54.533866
303.000000,54.571196
304.000000,54.531812
305.000000,54.487470
306.000000,54.493623
307.000000,54.513479
308.000000,54.481555
309.000000,54.531364
310.000000,54.488932
311.000000,54.496625
312.000000,54.485647
313.000000,54.387340
314.000000,54.497284
315.000000,54.505757
316.000000,54.383998
317.000000,54.297715
318.000000,54.282601
319.000000,54.289691
320.000000,54.300191
321.000000,54.320338
322.000000,54.339101
323.000000,54.212397
324.000000,54.160887
325.000000,54.193833
326.000000,54.125745
327.000000,54.094994
328.000000,54.008490
329.000000,54.010100
330.000000,54.036863
331.000000,53.985758
332.000000,53.991436
333.000000,53.931879
334.000000,53.933773
335.000000,54.009299
336.000000,53.960487
337.000000,54.071391
338.000000,54.061973
339.000000,53.896175
340.000000,53.965346
341.000000,53.961909
342.000000,54.039819
343.000000,53.995792
344.000000,54.001203
345.000000,53.898290
346.000000,53.932029
347.000000,53.913618
348.000000,53.941706
349.000000,53.924499
350.000000,53.885650
351.000000,53.920700
352.000000,53.896515
353.000000,53.876926
354.000000,53.932040
355.000000,53.920113
356.000000,53.931708
357.000000,54.010040
358.000000,54.000264
359.000000,53.954199
360.000000,53.977928
361.000000,53.970202
362.000000,53.977805
363.000000,53.920509
364.000000,53.945364
365.000000,53.937009
366.000000,53.959809
367.000000,53.970326
368.000000,53.914445
369.000000,53.898223
370.000000,53.971729
371.000000,53.913873
372.000000,53.790969
373.000000,53.939555
374.000000,53.811923
375.000000,53.860131
376.000000,53.962181
377.000000,53.915676
378.000000,54.012316
379.000000,53.918268
380.000000,53.920098
381.000000,53.931950
382.000000,53.905537
383.000000,53.890953
384.000000,53.866108
385.000000,53.870759
386.000000,53.905140
387.000000,53.905086
388.000000,53.891838
389.000000,53.889149
390.000000,53.873241
391.000000,53.909482
392.000000,53.896760
393.000000,53.904972
394.000000,53.905296
395.000000,53.907125
396.000000,53.887947
397.000000,53.892929
398.000000,53.913697
399.000000,53.883264
400.000000,53.922326
401.000000,53.866401
402.000000,53.877790
403.000000,53.924434
404.000000,53.856439
405.000000,53.888665
406.000000,53.920820
407.000000,53.888325
408.000000,53.923874
409.000000,53.884269
410.000000,53.893678
411.000000,53.895802
412.000000,53.886703
413.000000,53.879747
414.000000,53.862509
415.000000,53.897407
416.000000,53.882532
417.000000,53.934586
418.000000,53.902151
419.000000,53.875269
420.000000,53.844286
421.000000,53.881812
422.000000,53.887977
423.000000,53.919393
424.000000,53.918087
425.000000,53.925458
426.000000,53.918147
427.000000,53.917986
428.000000,53.916073
429.000000,53.901330
430.000000,53.888957
431.000000,53.920442
432.000000,53.911868
433.000000,53.869232
434.000000,53.842150
435.000000,53.845402
436.000000,53.819416
437.000000,53.823215
438.000000,53.872818
439.000000,53.857353
440.000000,53.872113
441.000000,53.870261
442.000000,53.903325
443.000000,53.890766
444.000000,53.883296
445.000000,53.892397
446.000000,53.934055
447.000000,53.961698
448.000000,53.939980
449.000000,53.968908
450.000000,53.974647
451.000000,53.971340
452.000000,53.985437
453.000000,54.004296
454.000000,53.991657
455.000000,53.996027
456.000000,54.006537
457.000000,54.016399
458.000000,54.012145
459.000000,53.983787
460.000000,53.955876
461.000000,53.970842
462.000000,53.971786
463.000000,53.970055
464.000000,53.946838
465.000000,53.941568
466.000000,53.948860
467.000000,53.943939
468.000000,53.964058
469.000000,53.948620
470.000000,53.903844
471.000000,53.914025
472.000000,53.921410
473.000000,53.919179
474.000000,53.923333
475.000000,53.953099
476.000000,53.990883
477.000000,53.976963
478.000000,53.949287
479.000000,53.933556
480.000000,53.943985
481.000000,53.972051
482.000000,53.961017
483.000000,53.942543
484.000000,53.967390
485.000000,54.001047
486.000000,54.028046
487.000000,53.990519
488.000000,53.961587
489.000000,54.006693
490.000000,54.018339
491.000000,54.030980
492.000000,54.064803
493.000000,54.080347
494.000000,54.070638
495.000000,54.035590
496.000000,54.034323
497.000000,54.033107
498.000000,54.084417
499.000000,54.076268
500.000000,54.061137
501.000000,54.049344
502.000000,54.033137
503.000000,54.022347
504.000000,54.041419
505.000000,54.033506
506.000000,54.029759
507.000000,54.013493
508.000000,54.025117
509.000000,54.017214
510.000000,53.994951
511.000000,54.025900
512.000000,54.066199
513.000000,54.035238
514.000000,54.025661
515.000000,54.045764
516.000000,54.042070
517.000000,54.029261
518.000000,54.025075
519.000000,54.033951
520.000000,54.054021
521.000000,54.065481
522.000000,54.056508
523.000000,54.069517
524.000000,54.033608
525.000000,54.029201
526.000000,54.037311
527.000000,54.041620
528.000000,54.055086
529.000000,54.040709
530.000000,54.018583
531.000000,54.046450
532.000000,54.029348
533.000000,54.018612
534.000000,54.044788
535.000000,54.030569
536.000000,54.032648
537.000000,54.018088
538.000000,54.019917
539.000000,54.004884
540.000000,54.056213
541.000000,54.040856
542.000000,54.043907
543.000000,54.072959
544.000000,54.074627
545.000000,54.056213
546.000000,54.050919
547.000000,54.034757
548.000000,54.078090
549.000000,54.067667
550.000000,54.063854
551.000000,54.068330
552.000000,54.034712
553.000000,54.065660
554.000000,54.063460
555.000000,54.085085
556.000000,54.061535
557.000000,54.015096
558.000000,54.054467
559.000000,54.042100
560.000000,54.074248
561.000000,54.103073
562.000000,54.035613
563.000000,54.055377
564.000000,54.046781
565.000000,54.049089
566.000000,54.038341
567.000000,54.038001
568.000000,54.066317
569.000000,54.075093
570.000000,54.055731
571.000000,54.057624
572.000000,54.071282
573.000000,54.055517
574.000000,54.034846
575.000000,54.030136
576.000000,54.079948
577.000000,54.024316
578.000000,54.070403
579.000000,54.064492
580.000000,54.076676
581.000000,54.085793
582.000000,54.091567
583.000000,54.030403
584.000000,54.042767
585.000000,54.054445
586.000000,54.127633
587.000000,53.990208
588.000000,54.091888
589.000000,54.004632
590.000000,54.038641
591.000000,54.055150
592.000000,54.024336
593.000000,54.054403
594.000000,54.052844
595.000000,54.041408
596.000000,54.061159
597.000000,54.064020
598.000000,54.054983
599.000000,54.062415
600.000000,54.066189
601.000000,54.005343
602.000000,54.042262
603.000000,54.009655
604.000000,54.036650
605.000000,54.005584
606.000000,54.013286
607.000000,54.001956
608.000000,53.986404
609.000000,54.035974
610.000000,54.030371
611.000000,54.053167
612.000000,54.051616
613.000000,54.051123
614.000000,54.036502
615.000000,54.028591
616.000000,54.018550
617.000000,54.049500
618.000000,54.055588
619.000000,54.019349
620.000000,54.058466
621.000000,54.058773
622.000000,53.986922
623.000000,54.025151
624.000000,54.024025
625.000000,54.027127
626.000000,54.024072
627.000000,53.981756
628.000000,54.023777
629.000000,54.019526
630.000000,54.006151
631.000000,54.014574
632.000000,54.015318
633.000000,53.989897
634.000000,53.996873
635.000000,54.020371
636.000000,54.017087
637.000000,54.022483
638.000000,54.004860
639.000000,54.003928
640.000000,54.035197
641.000000,54.017611
642.000000,54.017890
643.000000,54.029887
644.000000,53.994701
645.000000,54.008152
646.000000,53.986876
647.000000,53.980788
648.000000,54.024719
649.000000,53.989373
650.000000,53.985063
651.000000,53.980817
652.000000,54.019822
653.000000,54.051120
654.000000,54.040178
655.000000,54.013991
656.000000,53.994239
657.000000,54.009615
658.000000,54.037228
659.000000,53.956582
660.000000,53.966015
661.000000,53.934149
662.000000,53.905148
663.000000,53.945145
664.000000,53.938255
665.000000,53.948135
666.000000,53.960606
667.000000,53.945439
668.000000,53.954293
669.000000,53.956715
670.000000,53.966366
671.000000,53.949161
672.000000,53.964078
673.000000,53.968748
674.000000,53.976411
675.000000,53.961817
676.000000,53.997724
677.000000,53.981975
678.000000,53.975312
679.000000,53.937857
680.000000,53.929229
681.000000,53.978537
682.000000,53.962044
683.000000,53.927309
684.000000,53.876685
685.000000,53.916563
686.000000,53.958632
687.000000,53.951413
688.000000,53.933848
689.000000,53.915803
690.000000,53.882388
691.000000,53.881423
692.000000,53.932344
693.000000,53.972949
694.000000,53.952957
695.000000,53.950276
696.000000,53.931810
697.000000,53.903437
698.000000,53.906995
699.000000,53.933270
700.000000,53.943441
701.000000,53.941239
702.000000,53.873988
703.000000,53.830287
704.000000,53.853231
705.000000,53.866395
706.000000,53.847119
707.000000,53.803589
708.000000,53.837599
709.000000,53.870215
710.000000,53.856121
711.000000,53.851602
712.000000,53.884788
713.000000,53.872312
714.000000,53.817427
715.000000,53.833308
716.000000,53.887316
717.000000,53.881291
718.000000,53.839768
719.000000,53.866869
720.000000,53.860717
721.000000,53.802254
722.000000,53.825094
723.000000,53.844078
724.000000,53.911371
725.000000,53.901775
726.000000,53.828351
727.000000,53.801323
728.000000,53.809340
729.000000,53.857072
730.000000,53.825229
731.000000,53.758944
732.000000,53.751377
733.000000,53.724587
734.000000,53.772404
735.000000,53.817073
736.000000,53.845123
737.000000,53.854576
738.000000,53.801826
739.000000,53.768163
740.000000,53.815456
741.000000,53.793054
742.000000,53.831062
743.000000,53.810235
744.000000,53.758276
745.000000,53.803614
746.000000,53.856321
747.000000,53.815316
748.000000,53.725643
749.000000,53.731040
750.000000,53.771795
751.000000,53.676588
752.000000,53.709231
753.000000,53.801104
754.000000,53.918865
755.000000,53.873473
756.000000,53.703365
757.000000,53.748879
758.000000,53.877169
759.000000,53.886112
760.000000,53.839633
761.000000,53.696213
762.000000,53.746210
763.000000,53.704863
764.000000,53.819781
765.000000,53.699854
766.000000,53.718378
767.000000,53.669477
768.000000,53.752560
769.000000,53.707373
770.000000,53.700291
771.000000,53.839711
772.000000,53.747899
773.000000,53.806807
774.000000,53.693300
775.000000,53.609019
776.000000,53.683601
777.000000,53.695230
778.000000,53.708082
779.000000,53.757665
780.000000,53.706522
781.000000,53.683257
782.000000,53.687861
783.000000,53.692768
784.000000,53.733035
785.000000,53.793838
786.000000,53.750768
787.000000,53.829948
788.000000,53.735637
789.000000,53.730324
790.000000,53.802375
791.000000,53.627601
792.000000,53.549164
793.000000,53.737412
794.000000,53.699341
795.000000,53.768150
796.000000,53.681417
797.000000,53.736900
798.000000,53.526597
799.000000,53.594736
800.000000,53.713612
801.000000,53.648753
802.000000,53.655956
803.000000,53.679773
804.000000,53.740084
805.000000,53.722936
806.000000,53.645921
807.000000,53.631673
808.000000,53.656809
809.000000,53.643078
810.000000,53.536804
811.000000,53.705326
812.000000,53.561403
813.000000,53.528238
814.000000,53.565923
815.000000,53.740288
816.000000,53.647376
817.000000,53.607123
818.000000,53.614680
819.000000,53.698837
820.000000,53.592807
821.000000,53.612757
822.000000,53.591975
823.000000,53.571357
824.000000,53.586949
825.000000,53.589316
826.000000,53.568148
827.000000,53.567088
828.000000,53.591556
829.000000,53.554379
830.000000,53.565433
831.000000,53.580022
832.000000,53.569910
833.000000,53.595932
834.000000,53.596670
835.000000,53.536385
836.000000,53.591067
837.000000,53.567968
838.000000,53.578300
839.000000,53.558653
840.000000,53.588535
841.000000,53.560122
842.000000,53.558833
843.000000,53.558260
844.000000,53.557878
845.000000,53.552305
846.000000,53.560710
847.000000,53.525526
848.000000,53.561152
849.000000,53.505594
850.000000,53.513270
851.000000,53.505406
852.000000,53.503932
853.000000,53.496321
854.000000,53.526557
855.000000,53.510944
856.000000,53.541944
857.000000,53.498347
858.000000,53.510648
859.000000,53.493977
860.000000,53.473441
861.000000,53.460223
862.000000,53.495327
863.000000,53.470461
864.000000,53.469451
865.000000,53.492431
866.000000,53.491520
867.000000,53.468873
868.000000,53.478370
869.000000,53.471957
870.000000,53.469122
871.000000,53.456584
872.000000,53.459669
873.000000,53.475410
874.000000,53.473413
875.000000,53.454587
876.000000,53.442851
877.000000,53.436012
878.000000,53.459484
879.000000,53.464508
880.000000,53.458760
881.000000,53.448041
882.000000,53.452511
883.000000,53.431517
884.000000,53.443151
885.000000,53.448415
886.000000,53.444293
887.000000,53.450292
888.000000,53.454990
889.000000,53.435568
890.000000,53.424242
891.000000,53.430703
892.000000,53.433703
893.000000,53.447948
894.000000,53.437437
895.000000,53.435479
896.000000,53.441624
897.000000,53.431923
898.000000,53.410487
899.000000,53.410573
900.000000,53.446030
901.000000,53.409640
902.000000,53.409158
903.000000,53.405998
904.000000,53.407905
905.000000,53.378033
906.000000,53.369277
907.000000,53.402324
908.000000,53.385340
909.000000,53.372177
910.000000,53.361416
911.000000,53.370743
912.000000,53.397854
913.000000,53.341884
914.000000,53.322122
915.000000,53.343980
916.000000,53.370253
917.000000,53.338618
918.000000,53.318139
919.000000,53.324834
920.000000,53.354036
921.000000,53.305081
922.000000,53.305281
923.000000,53.304269
924.000000,53.284199
925.000000,53.299823
926.000000,53.312706
927.000000,53.278457
928.000000,53.278694
929.000000,53.309800
930.000000,53.297517
931.000000,53.223801
932.000000,53.223606
933.000000,53.303195
934.000000,53.302197
935.000000,53.260482
936.000000,53.255704
937.000000,53.295892
938.000000,53.273363
939.000000,53.203510
940.000000,53.225239
941.000000,53.269033
942.000000,53.266953
943.000000,53.252585
944.000000,53.242219
945.000000,53.285437
946.000000,53.284664
947.000000,53.256188
948.000000,53.246364
949.000000,53.284152
950.000000,53.283986
951.000000,53.211756
952.000000,53.257485
953.000000,53.291049
954.000000,53.277883
955.000000,53.240735
956.000000,53.279020
957.000000,53.342015
958.000000,53.290078
959.000000,53.242221
960.000000,53.302757
961.000000,53.330004
962.000000,53.308175
963.000000,53.288329
964.000000,53.287783
965.000000,53.293852
966.000000,53.266915
967.000000,53.261756
968.000000,53.294929
969.000000,53.280770
970.000000,53.246848
971.000000,53.314165
972.000000,53.285674
973.000000,53.300494
974.000000,53.295328
975.000000,53.187710
976.000000,53.281705
977.000000,53.265416
978.000000,53.243882
979.000000,53.247069
980.000000,53.202261
981.000000,53.248639
982.000000,53.253873
983.000000,53.195585
984.000000,53.246101
985.000000,53.180928
986.000000,53.245815
987.000000,53.226847
988.000000,53.165042
989.000000,53.236973
990.000000,53.196897
991.000000,53.139413
992.000000,53.205546
993.000000,53.162627
994.000000,53.175464
995.000000,53.180796
996.000000,53.174150
997.000000,53.101662
998.000000,53.213007
999.000000,53.162444
1000.000000,53.117849
1001.000000,53.134864
1002.000000,53.114948
1003.000000,53.116597
1004.000000,53.111140
1005.000000,53.123702
1006.000000,53.082205
1007.000000,53.136356
1008.000000,53.103342
1009.000000,53.116732
1010.000000,53.066596
1011.000000,53.120795
1012.000000,53.095641
1013.000000,53.032125
1014.000000,53.063779
1015.000000,53.143089
1016.000000,53.082899
1017.000000,53.037965
1018.000000,53.075382
1019.000000,53.139191
1020.000000,53.076324
1021.000000,53.082546
1022.000000,53.051173
1023.000000,53.096326
1024.000000,53.062004
1025.000000,52.969171
1026.000000,53.048873
1027.000000,53.116328
1028.000000,53.023484
1029.000000,52.972184
1030.000000,53.026308
1031.000000,53.023541
1032.000000,53.080809
1033.000000,53.049764
1034.000000,52.878529
1035.000000,53.048647
1036.000000,53.000728
1037.000000,53.071637
1038.000000,53.032840
1039.000000,52.939456
1040.000000,52.998995
1041.000000,53.056371
1042.000000,52.998487
1043.000000,52.993752
1044.000000,52.893195
1045.000000,53.049120
1046.000000,53.014213
1047.000000,52.950763
1048.000000,52.899700
1049.000000,53.001176
1050.000000,52.919118
1051.000000,53.019660
1052.000000,52.969588
1053.000000,52.938576
1054.000000,52.893977
1055.000000,53.013114
1056.000000,52.893844
1057.000000,52.988314
1058.000000,52.924098
1059.000000,52.935806
1060.000000,52.862437
1061.000000,53.012069
1062.000000,52.909007
1063.000000,52.918916
1064.000000,52.903221
1065.000000,52.876681
1066.000000,52.885169
1067.000000,52.901131
1068.000000,52.937228
1069.000000,52.824826
1070.000000,52.856439
1071.000000,52.816839
1072.000000,52.939537
1073.000000,52.857296
1074.000000,52.886054
1075.000000,52.877453
1076.000000,52.899905
1077.000000,52.875862
1078.000000,52.821921
1079.000000,52.851290
1080.000000,52.864654
1081.000000,52.891631
1082.000000,52.892290
1083.000000,52.934595
1084.000000,52.859735
1085.000000,52.861590
1086.000000,52.765668
1087.000000,52.877951
1088.000000,52.904568
1089.000000,52.856507
1090.000000,52.877368
1091.000000,52.851679
1092.000000,52.835147
1093.000000,52.841440
1094.000000,52.727065
1095.000000,52.836770
1096.000000,52.894634
1097.000000,52.819250
1098.000000,52.880745
1099.000000,52.812771
1100.000000,52.820477
1101.000000,52.793043
1102.000000,52.765825
1103.000000,52.732427
1104.000000,52.804297
1105.000000,52.695571
1106.000000,52.778098
1107.000000,52.824979
1108.000000,52.769105
1109.000000,52.734229
1110.000000,52.735205
1111.000000,52.735906
1112.000000,52.742002
1113.000000,52.725101
1114.000000,52.727868
1115.000000,52.747270
1116.000000,52.695754
1117.000000,52.672767
1118.000000,52.633202
1119.000000,52.676039
1120.000000,52.650062
1121.000000,52.617572
1122.000000,52.701745
1123.000000,52.726134
1124.000000,52.672959
1125.000000,52.654392
1126.000000,52.671321
1127.000000,52.666852
1128.000000,52.654174
1129.000000,52.649815
1130.000000,52.643662
1131.000000,52.600802
1132.000000,52.627629
1133.000000,52.611645
1134.000000,52.623547
1135.000000,52.603970
1136.000000,52.639403
1137.000000,52.686069
1138.000000,52.616258
1139.000000,52.631693
1140.000000,52.637613
1141.000000,52.602553
1142.000000,52.579794
1143.000000,52.566817
1144.000000,52.567669
1145.000000,52.608143
1146.000000,52.627822
1147.000000,52.563720
1148.000000,52.566153
1149.000000,52.565521
1150.000000,52.508000
1151.000000,52.491627
1152.000000,52.538099
1153.000000,52.564599
1154.000000,52.573030
1155.000000,52.540638
1156.000000,52.552257
1157.000000,52.535138
1158.000000,52.531085
1159.000000,52.504422
1160.000000,52.519878
1161.000000,52.518509
1162.000000,52.486442
1163.000000,52.538576
1164.000000,52.527497
1165.000000,52.542907
1166.000000,52.540737
1167.000000,52.497615
1168.000000,52.501817
1169.000000,52.493266
1170.000000,52.480163
1171.000000,52.473939
1172.000000,52.474502
1173.000000,52.468360
1174.000000,52.463293
1175.000000,52.472370
1176.000000,52.476497
1177.000000,52.435796
1178.000000,52.439003
1179.000000,52.463696
1180.000000,52.457020
1181.000000,52.467009
1182.000000,52.451464
1183.000000,52.430499
1184.000000,52.453517
1185.000000,52.456545
1186.000000,52.445194
1187.000000,52.440874
1188.000000,52.442005
1189.000000,52.433401
1190.000000,52.421352
1191.000000,52.468971
1192.000000,52.465932
1193.000000,52.400962
1194.000000,52.408740
1195.000000,52.422115
1196.000000,52.414647
1197.000000,52.458633
1198.000000,52.403747
1199.000000,52.400298
1200.000000,52.458331
1201.000000,52.440043
1202.000000,52.425055
1203.000000,52.359835
1204.000000,52.352171
1205.000000,52.389038
1206.000000,52.389184
1207.000000,52.371721
1208.000000,52.350023
1209.000000,52.367573
1210.000000,52.399052
1211.000000,52.401946
1212.000000,52.337899
1213.000000,52.378692
1214.000000,52.373226
1215.000000,52.270478
1216.000000,52.230285
1217.000000,52.353433
1218.000000,52.426631
1219.000000,52.341540
1220.000000,52.274440
1221.000000,52.307789
1222.000000,52.363574
1223.000000,52.328273
1224.000000,52.309931
1225.000000,52.267954
1226.000000,52.303630
1227.000000,52.298420
1228.000000,52.305961
1229.000000,52.229688
1230.000000,52.264307
1231.000000,52.234126
1232.000000,52.380878
1233.000000,52.330469
1234.000000,52.299146
1235.000000,52.241280
1236.000000,52.333018
1237.000000,52.301126
1238.000000,52.230345
1239.000000,52.281782
1240.000000,52.264215
1241.000000,52.264259
1242.000000,52.277547
1243.000000,52.326048
1244.000000,52.294815
1245.000000,52.140832
1246.000000,52.286214
1247.000000,52.255290
1248.000000,52.297797
1249.000000,52.251669
1250.000000,52.263979
1251.000000,52.252437
1252.000000,52.224876
1253.000000,52.241686
1254.000000,52.278517
1255.000000,52.234842
1256.000000,52.229122
1257.000000,52.238817
1258.000000,52.172307
1259.000000,52.232071
1260.000000,52.280733
1261.000000,52.149011
1262.000000,52.246517
1263.000000,52.217729
1264.000000,52.117486
1265.000000,52.219009
1266.000000,52.196459
1267.000000,52.274939
1268.000000,52.192592
1269.000000,52.130157
1270.000000,52.179465
1271.000000,52.185674
1272.000000,52.165987
1273.000000,52.089877
1274.000000,52.174065
1275.000000,52.181636
1276.000000,52.165564
1277.000000,52.244431
1278.000000,52.188163
1279.000000,52.104262
1280.000000,52.183380
1281.000000,52.087086
1282.000000,52.216071
1283.000000,52.200811
1284.000000,52.173436
1285.000000,52.141211
1286.000000,52.151819
1287.000000,52.008026
1288.000000,52.109436
1289.000000,52.129236
1290.000000,52.127042
1291.000000,52.071970
1292.000000,52.104058
1293.000000,52.114733
1294.000000,52.120381
1295.000000,52.024054
1296.000000,52.096892
1297.000000,52.093570
1298.000000,52.094263
1299.000000,52.053431
1300.000000,52.068883
1301.000000,51.989027
1302.000000,52.046051
1303.000000,52.028231
1304.000000,52.021478
1305.000000,52.116098
1306.000000,52.071148
1307.000000,52.000515
1308.000000,52.072087
1309.000000,52.092895
1310.000000,52.021740
1311.000000,52.084355
1312.000000,52.014189
1313.000000,52.019882
1314.000000,52.029772
1315.000000,52.051307
1316.000000,52.034268
1317.000000,52.059986
1318.000000,52.046497
1319.000000,52.047120
1320.000000,52.054093
1321.000000,52.015405
1322.000000,52.031323
1323.000000,52.029140
1324.000000,52.019741
1325.000000,52.029771
1326.000000,51.983500
1327.000000,51.984699
1328.000000,51.954014
1329.000000,51.981415
1330.000000,52.010745
1331.000000,51.989727
1332.000000,51.990092
1333.000000,51.955143
1334.000000,51.952518
1335.000000,51.952169
1336.000000,51.915303
1337.000000,51.900698
1338.000000,51.942126
1339.000000,51.945411
1340.000000,51.951978
1341.000000,51.921227
1342.000000,51.865179
1343.000000,51.871692
1344.000000,51.876840
1345.000000,51.884378
1346.000000,51.918742
1347.000000,51.930052
1348.000000,51.872117
1349.000000,51.852268
1350.000000,51.883582
1351.000000,51.781183
1352.000000,51.808094
1353.000000,51.854512
1354.000000,51.857732
1355.000000,51.809964
1356.000000,51.800065
1357.000000,51.726792
1358.000000,51.721673
1359.000000,51.790553
1360.000000,51.815968
1361.000000,51.747525
1362.000000,51.753761
1363.000000,51.761196
1364.000000,51.749344
1365.000000,51.743548
1366.000000,51.756832
1367.000000,51.736460
1368.000000,51.735231
1369.000000,51.756318
1370.000000,51.731055
1371.000000,51.699496
1372.000000,51.728941
1373.000000,51.702871
1374.000000,51.697473
1375.000000,51.697237
1376.000000,51.693709
1377.000000,51.659928
1378.000000,51.622195
1379.000000,51.624355
1380.000000,51.622041
1381.000000,51.680833
1382.000000,51.641775
1383.000000,51.581866
1384.000000,51.627031
1385.000000,51.640326
1386.000000,51.665851
1387.000000,51.640080
1388.000000,51.643776
1389.000000,51.650832
1390.000000,51.615625
1391.000000,51.588469
1392.000000,51.592530
1393.000000,51.573470
1394.000000,51.624904
1395.000000,51.684496
1396.000000,51.628915
1397.000000,51.651599
1398.000000,51.563377
1399.000000,51.520857
1400.000000,51.583008
1401.000000,51.545717
1402.000000,51.531754
1403.000000,51.562445
1404.000000,51.571552
1405.000000,51.560752
1406.000000,51.599273
1407.000000,51.591086
1408.000000,51.468949
1409.000000,51.508053
1410.000000,51.576849
1411.000000,51.528068
1412.000000,51.543885
1413.000000,51.536982
1414.000000,51.507087
1415.000000,51.533092
1416.000000,51.545277
1417.000000,51.512317
1418.000000,51.440150
1419.000000,51.481837
1420.000000,51.533170
1421.000000,51.571622
1422.000000,51.544140
1423.000000,51.508856
1424.000000,51.494452
1425.000000,51.498062
1426.000000,51.488115
1427.000000,51.543257
1428.000000,51.540977
1429.000000,51.509616
1430.000000,51.503663
1431.000000,51.547808
1432.000000,51.541882
1433.000000,51.510541
1434.000000,51.496379
1435.000000,51.476798
1436.000000,51.477655
1437.000000,51.423342
1438.000000,51.436342
1439.000000,51.456012
1440.000000,51.446690
1441.000000,51.464159
1442.000000,51.465726
1443.000000,51.392776
1444.000000,51.440289
1445.000000,51.463598
1446.000000,51.451818
1447.000000,51.445703
1448.000000,51.442987
1449.000000,51.361911
1450.000000,51.378053
1451.000000,51.420410
1452.000000,51.382907
1453.000000,51.453928
1454.000000,51.439758
1455.000000,51.434199
1456.000000,51.421357
1457.000000,51.359704
1458.000000,51.375861
1459.000000,51.404186
1460.000000,51.461605
1461.000000,51.409687
1462.000000,51.369663
1463.000000,51.445623
1464.000000,51.271537
1465.000000,51.275682
1466.000000,51.421621
1467.000000,51.472887
1468.000000,51.417547
1469.000000,51.384476
1470.000000,51.394043
1471.000000,51.389195
1472.000000,51.401302
1473.000000,51.366823
1474.000000,51.397126
1475.000000,51.442056
1476.000000,51.387135
1477.000000,51.379997
1478.000000,51.384903
1479.000000,51.339590
1480.000000,51.400067
1481.000000,51.390586
1482.000000,51.402834
1483.000000,51.330899
1484.000000,51.332802
1485.000000,51.381318
1486.000000,51.361852
1487.000000,51.375821
1488.000000,51.348465
1489.000000,51.377941
1490.000000,51.354721
1491.000000,51.357081
1492.000000,51.354947
1493.000000,51.340051
1494.000000,51.350779
1495.000000,51.371100
1496.000000,51.299175
1497.000000,51.333318
1498.000000,51.327056
1499.000000,51.353034
1500.000000,51.344028
1501.000000,51.328223
1502.000000,51.347162
1503.000000,51.345800
1504.000000,51.351252
1505.000000,51.264300
1506.000000,51.322869
1507.000000,51.305103
1508.000000,51.311138
1509.000000,51.299647
1510.000000,51.331371
1511.000000,51.352961
1512.000000,51.307011
1513.000000,51.203534
1514.000000,51.298926
1515.000000,51.363162
1516.000000,51.273287
1517.000000,51.393116
1518.000000,51.205672
1519.000000,51.285885
1520.000000,51.274384
1521.000000,51.257983
1522.000000,51.217385
1523.000000,51.371348
1524.000000,51.258363
1525.000000,51.262181
1526.000000,51.247515
1527.000000,51.260665
1528.000000,51.273418
1529.000000,51.186884
1530.000000,51.325763
1531.000000,51.257825
1532.000000,51.250812
1533.000000,51.261974
1534.000000,51.237493
1535.000000,51.241455
1536.000000,51.183408
1537.000000,51.324967
1538.000000,51.272411
1539.000000,51.253704
1540.000000,51.218114
1541.000000,51.226447
1542.000000,51.208278
1543.000000,51.245834
1544.000000,51.222622
1545.000000,51.154994
1546.000000,51.242925
1547.000000,51.236133
1548.000000,51.352009
1549.000000,51.223829
1550.000000,51.236424
1551.000000,51.240645
1552.000000,51.275737
1553.000000,51.160479
1554.000000,51.198954
1555.000000,51.221285
1556.000000,51.198139
1557.000000,51.180996
1558.000000,51.178087
1559.000000,51.178156
1560.000000,51.180057
1561.000000,51.178675
1562.000000,51.201061
1563.000000,51.190583
1564.000000,51.172039
1565.000000,51.180180
1566.000000,51.157964
1567.000000,51.168661
1568.000000,51.108829
1569.000000,51.133768
1570.000000,51.161535
1571.000000,51.233531
1572.000000,51.169833
1573.000000,51.198651
1574.000000,51.088590
1575.000000,51.150578
1576.000000,51.158585
1577.000000,51.165823
1578.000000,51.148151
1579.000000,51.123933
1580.000000,51.077369
1581.000000,51.129314
1582.000000,51.193723
1583.000000,51.117521
1584.000000,51.103650
1585.000000,51.107988
1586.000000,51.090669
1587.000000,51.034328
1588.000000,51.107681
1589.000000,51.115113
1590.000000,51.164388
1591.000000,51.112915
1592.000000,51.082602
1593.000000,51.049033
1594.000000,51.113742
1595.000000,51.138437
1596.000000,51.151958
1597.000000,51.081108
1598.000000,51.044406
1599.000000,51.045268
1600.000000,51.099637
1601.000000,51.050437
1602.000000,51.105251
1603.000000,51.054698
1604.000000,51.025840
1605.000000,51.008120
1606.000000,51.084641
1607.000000,51.099012
1608.000000,51.033485
1609.000000,51.039963
1610.000000,51.030490
1611.000000,51.029561
1612.000000,50.998283
1613.000000,50.971327
1614.000000,51.051547
1615.000000,51.080886
1616.000000,51.027611
1617.000000,51.015877
1618.000000,51.018188
1619.000000,51.017565
1620.000000,51.009192
1621.000000,51.005610
1622.000000,50.990783
1623.000000,50.968916
1624.000000,51.002727
1625.000000,51.030260
1626.000000,51.025600
1627.000000,51.019944
1628.000000,50.971713
1629.000000,50.927344
1630.000000,50.989341
1631.000000,50.988626
1632.000000,50.992225
1633.000000,50.979392
1634.000000,50.944303
1635.000000,50.967001
1636.000000,51.003400
1637.000000,51.029800
1638.000000,51.048264
1639.000000,50.965730
1640.000000,50.932044
1641.000000,50.965777
1642.000000,50.961043
1643.000000,50.957566
1644.000000,50.923027
1645.000000,50.950271
1646.000000,50.990586
1647.000000,50.917969
1648.000000,50.895943
1649.000000,50.917254
1650.000000,50.920500
1651.000000,50.857636
1652.000000,50.878496
1653.000000,50.962752
1654.000000,50.938772
1655.000000,50.912158
1656.000000,50.914048
1657.000000,50.845041
1658.000000,50.864550
1659.000000,50.954165
1660.000000,50.923173
1661.000000,50.880356
1662.000000,50.879571
1663.000000,50.819136
1664.000000,50.836556
1665.000000,50.925592
1666.000000,50.936395
1667.000000,50.813122
1668.000000,50.802532
1669.000000,50.842557
1670.000000,50.852234
1671.000000,50.793259
1672.000000,50.790594
1673.000000,50.837629
1674.000000,50.861574
1675.000000,50.777878
1676.000000,50.794170
1677.000000,50.877663
1678.000000,50.882767
1679.000000,50.827639
1680.000000,50.757392
1681.000000,50.806389
1682.000000,50.815875
1683.000000,50.739227
1684.000000,50.810971
1685.000000,50.853467
1686.000000,50.803848
1687.000000,50.704761
1688.000000,50.730763
1689.000000,50.765034
1690.000000,50.700575
1691.000000,50.794835
1692.000000,50.824504
1693.000000,50.782647
1694.000000,50.696978
1695.000000,50.731098
1696.000000,50.684125
1697.000000,50.704238
1698.000000,50.885776
1699.000000,50.793666
1700.000000,50.675845
1701.000000,50.739041
1702.000000,50.695344
1703.000000,50.728429
1704.000000,50.842388
1705.000000,50.857041
1706.000000,50.702988
1707.000000,50.737942
1708.000000,50.748161
1709.000000,50.695486
1710.000000,50.836149
1711.000000,50.853708
1712.000000,50.782394
1713.000000,50.763299
1714.000000,50.766046
1715.000000,50.673070
1716.000000,50.732143
1717.000000,50.751422
1718.000000,50.725822
1719.000000,50.640109
1720.000000,50.689933
1721.000000,50.703950
1722.000000,50.713904
1723.000000,50.716589
1724.000000,50.688252
1725.000000,50.743291
1726.000000,50.681407
1727.000000,50.752086
1728.000000,50.682849
1729.000000,50.652878
1730.000000,50.639425
1731.000000,50.652983
1732.000000,50.656312
1733.000000,50.647247
1734.000000,50.677175
1735.000000,50.670518
1736.000000,50.650671
1737.000000,50.675159
1738.000000,50.680805
1739.000000,50.663904
1740.000000,50.644106
1741.000000,50.657359
1742.000000,50.642976
1743.000000,50.637726
1744.000000,50.628475
1745.000000,50.664846
1746.000000,50.558915
1747.000000,50.654370
1748.000000,50.637693
1749.000000,50.628190
1750.000000,50.629617
1751.000000,50.638235
1752.000000,50.630190
1753.000000,50.636064
1754.000000,50.564416
1755.000000,50.637133
1756.000000,50.629218
1757.000000,50.640863
1758.000000,50.710251
1759.000000,50.675975
1760.000000,50.535210
1761.000000,50.616706
1762.000000,50.625831
1763.000000,50.607171
1764.000000,50.614758
1765.000000,50.519329
1766.000000,50.613423
1767.000000,50.687342
1768.000000,50.583993
1769.000000,50.583097
1770.000000,50.569542
1771.000000,50.581041
1772.000000,50.577552
1773.000000,50.569710
1774.000000,50.564663
1775.000000,50.543536
1776.000000,50.489282
1777.000000,50.691366
1778.000000,50.538431
1779.000000,50.466414
1780.000000,50.470717
1781.000000,50.550027
1782.000000,50.702763
1783.000000,50.532942
1784.000000,50.470100
1785.000000,50.528241
1786.000000,50.539753
1787.000000,50.534229
1788.000000,50.521066
1789.000000,50.549395
1790.000000,50.539290
1791.000000,50.462645
1792.000000,50.558529
1793.000000,50.558524
1794.000000,50.607026
1795.000000,50.512381
1796.000000,50.501185
1797.000000,50.487277
1798.000000,50.470559
1799.000000,50.579444
1800.000000,50.490055
1801.000000,50.421452
1802.000000,50.511565
1803.000000,50.518954
1804.000000,50.411230
1805.000000,50.514474
1806.000000,50.553700
1807.000000,50.457688
1808.000000,50.417782
1809.000000,50.393731
1810.000000,50.444560
1811.000000,50.494136
1812.000000,50.495099
1813.000000,50.407771
1814.000000,50.485777
1815.000000,50.346577
1816.000000,50.406663
1817.000000,50.446917
1818.000000,50.472179
1819.000000,50.411064
1820.000000,50.400606
1821.000000,50.359654
1822.000000,50.264472
1823.000000,50.328013
1824.000000,50.573452
1825.000000,50.439907
1826.000000,50.237015
1827.000000,50.377605
1828.000000,50.365267
1829.000000,50.398215
1830.000000,50.404607
1831.000000,50.331899
1832.000000,50.388324
1833.000000,50.307564
1834.000000,50.296482
1835.000000,50.278388
1836.000000,50.279042
1837.000000,50.318086
1838.000000,50.273639
1839.000000,50.275990
1840.000000,50.363022
1841.000000,50.319905
1842.000000,50.227822
1843.000000,50.274788
1844.000000,50.381056
1845.000000,50.304421
1846.000000,50.241914
1847.000000,50.225410
1848.000000,50.238162
1849.000000,50.241787
1850.000000,50.201821
1851.000000,50.202624
1852.000000,50.239403
1853.000000,50.253519
1854.000000,50.211814
1855.000000,50.126682
1856.000000,50.159259
1857.000000,50.120962
1858.000000,50.099837
1859.000000,50.150540
1860.000000,50.127672
1861.000000,50.054171
1862.000000,50.039204
1863.000000,50.076333
1864.000000,50.054816
1865.000000,50.040039
1866.000000,50.019322
1867.000000,49.993313
1868.000000,49.990098
1869.000000,50.046388
1870.000000,50.016065
1871.000000,49.911783
1872.000000,49.938935
1873.000000,49.974647
1874.000000,49.957660
1875.000000,49.988797
1876.000000,50.023374
1877.000000,49.995221
1878.000000,49.942970
1879.000000,49.996411
1880.000000,50.056148
1881.000000,50.006755
1882.000000,50.088323
1883.000000,50.020497
1884.000000,49.906727
1885.000000,50.062891
1886.000000,50.009205
1887.000000,49.953309
1888.000000,50.018308
1889.000000,49.897515
1890.000000,49.977522
1891.000000,49.912946
1892.000000,49.863626
1893.000000,49.901549
1894.000000,49.884474
1895.000000,49.861026
1896.000000,49.856002
1897.000000,49.839112
1898.000000,49.907254
1899.000000,49.868409
1900.000000,49.816809
1901.000000,49.864571
1902.000000,49.784114
1903.000000,49.849866
1904.000000,49.855614
1905.000000,49.838952
1906.000000,49.831343
1907.000000,49.843436
1908.000000,49.785968
1909.000000,49.819782
1910.000000,49.910624
1911.000000,49.819986
1912.000000,49.820029
1913.000000,49.796708
1914.000000,49.890472
1915.000000,49.939390
1916.000000,49.875265
1917.000000,49.868735
1918.000000,49.860958
1919.000000,49.850772
1920.000000,49.862957
1921.000000,49.868797
1922.000000,49.861801
1923.000000,49.801256
1924.000000,49.847215
1925.000000,49.954635
1926.000000,49.830465
1927.000000,49.767080
1928.000000,49.866307
1929.000000,49.899012
1930.000000,49.796495
1931.000000,49.818016
1932.000000,49.825757
1933.000000,49.819007
1934.000000,49.797213
1935.000000,49.832537
1936.000000,49.773853
1937.000000,49.678782
1938.000000,49.775135
1939.000000,49.648195
1940.000000,49.705196
1941.000000,49.747428
1942.000000,49.711417
1943.000000,49.643824
1944.000000,49.858011
1945.000000,49.776400
1946.000000,49.706711
1947.000000,49.694659
1948.000000,49.852523
1949.000000,49.901684
1950.000000,49.749841
1951.000000,49.785347
1952.000000,49.801924
1953.000000,49.808810
1954.000000,49.813021
1955.000000,49.861355
1956.000000,49.697959
1957.000000,49.758884
1958.000000,49.755014
1959.000000,49.752207
1960.000000,49.755402
1961.000000,49.747919
1962.000000,49.721222
1963.000000,49.712378
1964.000000,49.823074
1965.000000,49.675478
1966.000000,49.720852
1967.000000,49.706050
1968.000000,49.735764
1969.000000,49.746191
1970.000000,49.717312
1971.000000,49.717897
1972.000000,49.734306
1973.000000,49.744884
1974.000000,49.693968
1975.000000,49.693297
1976.000000,49.798750
1977.000000,49.702742
1978.000000,49.713026
1979.000000,49.711500
1980.000000,49.696925
1981.000000,49.665388
1982.000000,49.821996
1983.000000,49.653420
1984.000000,49.708622
1985.000000,49.727293
1986.000000,49.738689
1987.000000,49.663235
1988.000000,49.700727
1989.000000,49.727998
1990.000000,49.747810
1991.000000,49.664035
1992.000000,49.717011
1993.000000,49.726381
1994.000000,49.760969
1995.000000,49.685063
1996.000000,49.724410
1997.000000,49.721819
1998.000000,49.722544
1999.000000,49.708294
2000.000000,49.724673
2001.000000,49.695978
2002.000000,49.760846
2003.000000,49.733265
2004.000000,49.664882
2005.000000,49.705337
2006.000000,49.679498
2007.000000,49.681947
2008.000000,49.676692
2009.000000,49.664234
2010.000000,49.680329
2011.000000,49.660162
2012.000000,49.648329
2013.000000,49.642225
2014.000000,49.623650
2015.000000,49.632822
2016.000000,49.659119
2017.000000,49.605654
2018.000000,49.553855
2019.000000,49.606669
2020.000000,49.622200
2021.000000,49.651764
2022.000000,49.565382
2023.000000,49.631842
2024.000000,49.647276
2025.000000,49.577230
2026.000000,49.653844
2027.000000,49.585726
2028.000000,49.646641
2029.000000,49.660915
2030.000000,49.584869
2031.000000,49.661126
2032.000000,49.585061
2033.000000,49.651054
2034.000000,49.681223
2035.000000,49.546075
2036.000000,49.566971
2037.000000,49.606229
2038.000000,49.617455
2039.000000,49.646284
2040.000000,49.608801
2041.000000,49.536680
2042.000000,49.545246
2043.000000,49.601770
2044.000000,49.530951
2045.000000,49.601372
2046.000000,49.632055
2047.000000,49.543748
2048.000000,49.560771
2049.000000,49.614243
2050.000000,49.548036
2051.000000,49.613875
2052.000000,49.609595
2053.000000,49.514881
2054.000000,49.602484
2055.000000,49.613961
2056.000000,49.558353
2057.000000,49.538539
2058.000000,49.604116
2059.000000,49.622156
2060.000000,49.532027
2061.000000,49.526473
2062.000000,49.574291
2063.000000,49.585702
2064.000000,49.542728
2065.000000,49.620169
2066.000000,49.639720
2067.000000,49.567346
2068.000000,49.583422
2069.000000,49.646388
2070.000000,49.644327
2071.000000,49.599709
2072.000000,49.639005
2073.000000,49.653378
2074.000000,49.606458
2075.000000,49.606963
2076.000000,49.636003
2077.000000,49.588172
2078.000000,49.572487
2079.000000,49.639499
2080.000000,49.616971
2081.000000,49.544943
2082.000000,49.604935
2083.000000,49.606504
2084.000000,49.548302
2085.000000,49.574777
2086.000000,49.610072
2087.000000,49.537868
2088.000000,49.559863
2089.000000,49.605712
2090.000000,49.535649
2091.000000,49.501392
2092.000000,49.542540
2093.000000,49.530199
2094.000000,49.546283
2095.000000,49.547811
2096.000000,49.519577
2097.000000,49.540209
2098.000000,49.514996
2099.000000,49.473683
2100.000000,49.504210
2101.000000,49.558348
2102.000000,49.551816
2103.000000,49.527712
2104.000000,49.504346
2105.000000,49.532974
2106.000000,49.559957
2107.000000,49.527200
2108.000000,49.502029
2109.000000,49.544862
2110.000000,49.575782
2111.000000,49.539589
2112.000000,49.503344
2113.000000,49.523407
2114.000000,49.555117
2115.000000,49.483378
2116.000000,49.462526
2117.000000,49.454327
2118.000000,49.496443
2119.000000,49.426309
2120.000000,49.427782
2121.000000,49.420031
2122.000000,49.427787
2123.000000,49.403494
2124.000000,49.390971
2125.000000,49.395329
2126.000000,49.424636
2127.000000,49.447779
2128.000000,49.390962
2129.000000,49.351071
2130.000000,49.337973
2131.000000,49.356962
2132.000000,49.429090
2133.000000,49.369816
2134.000000,49.319386
2135.000000,49.404058
2136.000000,49.351876
2137.000000,49.288259
2138.000000,49.323245
2139.000000,49.329505
2140.000000,49.371418
2141.000000,49.366543
2142.000000,49.350006
2143.000000,49.348350
2144.000000,49.362943
2145.000000,49.369915
2146.000000,49.387526
2147.000000,49.372526
2148.000000,49.387480
2149.000000,49.392091
2150.000000,49.391895
2151.000000,49.350156
2152.000000,49.402978
2153.000000,49.380604
2154.000000,49.371430
2155.000000,49.379161
2156.000000,49.338730
2157.000000,49.320946
2158.000000,49.300018
2159.000000,49.284946
2160.000000,49.356252
2161.000000,49.364690
2162.000000,49.326792
2163.000000,49.289756
2164.000000,49.326146
2165.000000,49.394368
2166.000000,49.381887
2167.000000,49.346419
2168.000000,49.338524
2169.000000,49.382657
2170.000000,49.429581
2171.000000,49.395224
2172.000000,49.412589
2173.000000,49.338608
2174.000000,49.433643
2175.000000,49.439513
2176.000000,49.418695
2177.000000,49.412341
2178.000000,49.316616
2179.000000,49.443064
2180.000000,49.464612
2181.000000,49.419439
2182.000000,49.403482
2183.000000,49.399408
2184.000000,49.308055
2185.000000,49.399085
2186.000000,49.413088
2187.000000,49.385056
2188.000000,49.357921
2189.000000,49.352623
2190.000000,49.354115
2191.000000,49.345764
2192.000000,49.314580
2193.000000,49.394555
2194.000000,49.369426
2195.000000,49.358331
2196.000000,49.386245
2197.000000,49.384058
2198.000000,49.391327
2199.000000,49.382267
2200.000000,49.397272
2201.000000,49.402995
2202.000000,49.428361
2203.000000,49.443529
2204.000000,49.425471
2205.000000,49.401253
2206.000000,49.385600
2207.000000,49.409299
2208.000000,49.430181
2209.000000,49.424000
2210.000000,49.423697
2211.000000,49.414569
2212.000000,49.437018
2213.000000,49.384980
2214.000000,49.441394
2215.000000,49.430436
2216.000000,49.429984
2217.000000,49.446595
2218.000000,49.438486
2219.000000,49.380313
2220.000000,49.422206
2221.000000,49.468112
2222.000000,49.409073
2223.000000,49.401314
2224.000000,49.338692
2225.000000,49.433472
2226.000000,49.378974
2227.000000,49.347645
2228.000000,49.310426
2229.000000,49.422074
2230.000000,49.317625
2231.000000,49.341479
2232.000000,49.308901
2233.000000,49.382291
2234.000000,49.362191
2235.000000,49.352806
2236.000000,49.428784
2237.000000,49.427893
2238.000000,49.366351
2239.000000,49.376399
2240.000000,49.455538
2241.000000,49.370886
2242.000000,49.447322
2243.000000,49.409072
2244.000000,49.367376
2245.000000,49.402737
2246.000000,49.415427
2247.000000,49.386140
2248.000000,49.297335
2249.000000,49.282577
2250.000000,49.320787
2251.000000,49.351710
2252.000000,49.300911
2253.000000,49.279418
2254.000000,49.244763
2255.000000,49.323543
2256.000000,49.258094
2257.000000,49.209650
2258.000000,49.261897
2259.000000,49.264287
2260.000000,49.228907
2261.000000,49.204238
2262.000000,49.230012
2263.000000,49.253341
2264.000000,49.284237
2265.000000,49.222699
2266.000000,49.207442
2267.000000,49.236086
2268.000000,49.263825
2269.000000,49.279258
2270.000000,49.153040
2271.000000,49.211762
2272.000000,49.221089
2273.000000,49.227530
2274.000000,49.212213
2275.000000,49.200753
2276.000000,49.192308
2277.000000,49.162815
2278.000000,49.151766
2279.000000,49.183341
2280.000000,49.224390
2281.000000,49.228416
2282.000000,49.239918
2283.000000,49.223115
2284.000000,49.175088
2285.000000,49.192906
2286.000000,49.232535
2287.000000,49.249524
2288.000000,49.273385
2289.000000,49.282393
2290.000000,49.295386
2291.000000,49.330663
2292.000000,49.338250
2293.000000,49.332438
2294.000000,49.346973
2295.000000,49.379800
2296.000000,49.379969
2297.000000,49.403311
2298.000000,49.409609
2299.000000,49.390686
2300.000000,49.391351
2301.000000,49.393686
2302.000000,49.407381
2303.000000,49.390469
2304.000000,49.377793
2305.000000,49.337493
2306.000000,49.299458
2307.000000,49.302535
2308.000000,49.287343
2309.000000,49.252844
2310.000000,49.245284
2311.000000,49.246896
2312.000000,49.228316
2313.000000,49.196228
2314.000000,49.212109
2315.000000,49.195330
2316.000000,49.192774
2317.000000,49.166382
2318.000000,49.148203
2319.000000,49.193107
2320.000000,49.205672
2321.000000,49.174536
2322.000000,49.210678
2323.000000,49.226904
2324.000000,49.232655
2325.000000,49.267970
2326.000000,49.271484
2327.000000,49.257355
2328.000000,49.272480
2329.000000,49.281253
2330.000000,49.243896
2331.000000,49.203111
2332.000000,49.204981
2333.000000,49.196506
2334.000000,49.143797
2335.000000,49.079013
2336.000000,49.007845
2337.000000,48.954417
2338.000000,48.925421
2339.000000,48.897040
2340.000000,48.849269
2341.000000,48.834130
2342.000000,48.841770
2343.000000,48.807260
2344.000000,48.785427
2345.000000,48.770292
2346.000000,48.748886
2347.000000,48.738498
2348.000000,48.708662
2349.000000,48.731693
2350.000000,48.718861
2351.000000,48.739131
2352.000000,48.777084
2353.000000,48.774932
2354.000000,48.748343
2355.000000,48.774793
2356.000000,48.789714
2357.000000,48.782504
2358.000000,48.797313
2359.000000,48.847549
2360.000000,48.804959
2361.000000,48.804658
2362.000000,48.833172
2363.000000,48.821273
2364.000000,48.837481
2365.000000,48.803764
2366.000000,48.764110
2367.000000,48.792957
2368.000000,48.806798
2369.000000,48.810908
2370.000000,48.798582
2371.000000,48.815643
2372.000000,48.810846
2373.000000,48.807911
2374.000000,48.850180
2375.000000,48.863971
2376.000000,48.893105
2377.000000,48.925384
2378.000000,48.890759
2379.000000,48.903783
2380.000000,48.918378
2381.000000,48.922774
2382.000000,48.904051
2383.000000,48.893636
2384.000000,48.933081
2385.000000,48.910237
2386.000000,48.955874
2387.000000,48.952631
2388.000000,48.930447
2389.000000,48.938791
2390.000000,48.861338
2391.000000,48.863881
2392.000000,48.807638
2393.000000,48.791994
2394.000000,48.813765
2395.000000,48.769463
2396.000000,48.743287
2397.000000,48.680747
2398.000000,48.666415
2399.000000,48.676911
2400.000000,48.592220
2401.000000,48.593949
2402.000000,48.593736
2403.000000,48.590947
2404.000000,48.622507
2405.000000,48.640566
2406.000000,48.603071
2407.000000,48.617045
2408.000000,48.653798
2409.000000,48.628648
2410.000000,48.637671
2411.000000,48.661091
2412.000000,48.610007
2413.000000,48.602361
2414.000000,48.591255
2415.000000,48.691187
2416.000000,48.605602
2417.000000,48.658600
2418.000000,48.692367
2419.000000,48.687814
2420.000000,48.651418
2421.000000,48.654381
2422.000000,48.655287
2423.000000,48.658382
2424.000000,48.620041
2425.000000,48.552303
2426.000000,48.580800
2427.000000,48.612089
2428.000000,48.538059
2429.000000,48.561531
2430.000000,48.456618
2431.000000,48.497861
2432.000000,48.496892
2433.000000,48.476610
2434.000000,48.432947
2435.000000,48.470426
2436.000000,48.474281
2437.000000,48.461419
2438.000000,48.378853
2439.000000,48.379743
2440.000000,48.401849
2441.000000,48.375591
2442.000000,48.290120
2443.000000,48.222704
2444.000000,48.156219
2445.000000,48.137237
2446.000000,48.077125
2447.000000,48.058590
2448.000000,47.988651
2449.000000,47.956923
2450.000000,47.795760
2501.000000,47.795760
