250.000000,0.071433
251.000000,0.071196
252.000000,0.071004
253.000000,0.070801
254.000000,0.070488
255.000000,0.070316
256.000000,0.070199
257.000000,0.069967
258.000000,0.069732
259.000000,0.069477
260.000000,0.069224
261.000000,0.069048
262.000000,0.068916
263.000000,0.068742
264.000000,0.068506
265.000000,0.068305
266.000000,0.068124
267.000000,0.067964
268.000000,0.067884
269.000000,0.067809
270.000000,0.067658
271.000000,0.067461
272.000000,0.067310
273.000000,0.067217
274.000000,0.067165
275.000000,0.066998
276.000000,0.066878
277.000000,0.066814
278.000000,0.066590
279.000000,0.066432
280.000000,0.066371
281.000000,0.066314
282.000000,0.066318
283.000000,0.066210
284.000000,0.066058
285.000000,0.066084
286.000000,0.065965
287.000000,0.065711
288.000000,0.065580
289.000000,0.065531
290.000000,0.065516
291.000000,0.065435
292.000000,0.065304
293.000000,0.065248
294.000000,0.065181
295.000000,0.065091
296.000000,0.065141
297.000000,0.065056
298.000000,0.064894
299.000000,0.064801
300.000000,0.064735
301.000000,0.064764
302.000000,0.064747
303.000000,0.064444
304.000000,0.064427
305.000000,0.064493
306.000000,0.064381
307.000000,0.064262
308.000000,0.064219
309.000000,0.064222
310.000000,0.064258
311.000000,0.064121
312.000000,0.064106
313.000000,0.063979
314.000000,0.063911
315.000000,0.063951
316.000000,0.063820
317.000000,0.063676
318.000000,0.063683
319.000000,0.063509
320.000000,0.063431
321.000000,0.063211
322.000000,0.062985
323.000000,0.063184
324.000000,0.062955
325.000000,0.062876
326.000000,0.063127
327.000000,0.062880
328.000000,0.062704
329.000000,0.062666
330.000000,0.062598
331.000000,0.062527
332.000000,0.062618
333.000000,0.062446
334.000000,0.062416
335.000000,0.062377
336.000000,0.062272
337.000000,0.062275
338.000000,0.061987
339.000000,0.061954
340.000000,0.062002
341.000000,0.062114
342.000000,0.061836
343.000000,0.061883
344.000000,0.062025
345.000000,0.061946
346.000000,0.061861
347.000000,0.061701
348.000000,0.061691
349.000000,0.061615
350.000000,0.061713
351.000000,0.061682
352.000000,0.061571
353.000000,0.061640
354.000000,0.061721
355.000000,0.061479
356.000000,0.061455
357.000000,0.061339
358.000000,0.061350
359.000000,0.061243
360.000000,0.061240
361.000000,0.061316
362.000000,0.061258
363.000000,0.061209
364.000000,0.061292
365.000000,0.061176
366.000000,0.061109
367.000000,0.060986
368.000000,0.060980
369.000000,0.060862
370.000000,0.060949
371.000000,0.060965
372.000000,0.061047
373.000000,0.061120
374.000000,0.060830
375.000000,0.060901
376.000000,0.060947
377.000000,0.061030
378.000000,0.060887
379.000000,0.060893
380.000000,0.060876
381.000000,0.060846
382.000000,0.060752
383.000000,0.060755
384.000000,0.060770
385.000000,0.060747
386.000000,0.060553
387.000000,0.060616
388.000000,0.060586
389.000000,0.060553
390.000000,0.060497
391.000000,0.060453
392.000000,0.060539
393.000000,0.060393
394.000000,0.060497
395.000000,0.060393
396.000000,0.060385
397.000000,0.060320
398.000000,0.060442
399.000000,0.060330
400.000000,0.060271
401.000000,0.060336
402.000000,0.060247
403.000000,0.060234
404.000000,0.060346
405.000000,0.060276
406.000000,0.060304
407.000000,0.060208
408.000000,0.060185
409.000000,0.060173
410.000000,0.060208
411.000000,0.060093
412.000000,0.060168
413.000000,0.060125
414.000000,0.060098
415.000000,0.060027
416.000000,0.060086
417.000000,0.060071
418.000000,0.059991
419.000000,0.060112
420.000000,0.060083
421.000000,0.059959
422.000000,0.059966
423.000000,0.059943
424.000000,0.060012
425.000000,0.059938
426.000000,0.059970
427.000000,0.059960
428.000000,0.059950
429.000000,0.059960
430.000000,0.059980
431.000000,0.060014
432.000000,0.060013
433.000000,0.059922
434.000000,0.059923
435.000000,0.059896
436.000000,0.059860
437.000000,0.059843
438.000000,0.059798
439.000000,0.059767
440.000000,0.059771
441.000000,0.059841
442.000000,0.059844
443.000000,0.059798
444.000000,0.059805
445.000000,0.059806
446.000000,0.059804
447.000000,0.059808
448.000000,0.059836
449.000000,0.059745
450.000000,0.059762
451.000000,0.059787
452.000000,0.059747
453.000000,0.059747
454.000000,0.059759
455.000000,0.059709
456.000000,0.059681
457.000000,0.059733
458.000000,0.059737
459.000000,0.059711
460.000000,0.059722
461.000000,0.059663
462.000000,0.059604
463.000000,0.059621
464.000000,0.059655
465.000000,0.059673
466.000000,0.059709
467.000000,0.059658
468.000000,0.059627
469.000000,0.059631
470.000000,0.059637
471.000000,0.059619
472.000000,0.059604
473.000000,0.059594
474.000000,0.059595
475.000000,0.059630
476.000000,0.059635
477.000000,0.059641
478.000000,0.059654
479.000000,0.059580
480.000000,0.059596
481.000000,0.059666
482.000000,0.059648
483.000000,0.059645
484.000000,0.059656
485.000000,0.059624
486.000000,0.059626
487.000000,0.059633
488.000000,0.059622
489.000000,0.059665
490.000000,0.059625
491.000000,0.059607
492.000000,0.059628
493.000000,0.059600
494.000000,0.059633
495.000000,0.059614
496.000000,0.059598
497.000000,0.059601
498.000000,0.059592
499.000000,0.059595
500.000000,0.059605
501.000000,0.059630
502.000000,0.059615
503.000000,0.059576
504.000000,0.059586
505.000000,0.059568
506.000000,0.059586
507.000000,0.059618
508.000000,0.059609
509.000000,0.059577
510.000000,0.059549
511.000000,0.059571
512.000000,0.059563
513.000000,0.059555
514.000000,0.059557
515.000000,0.059553
516.000000,0.059603
517.000000,0.059603
518.000000,0.059574
519.000000,0.059590
520.000000,0.059613
521.000000,0.059582
522.000000,0.059605
523.000000,0.059594
524.000000,0.059559
525.000000,0.059589
526.000000,0.059547
527.000000,0.059596
528.000000,0.059610
529.000000,0.059615
530.000000,0.059586
531.000000,0.059595
532.000000,0.059633
533.000000,0.059579
534.000000,0.059566
535.000000,0.059612
536.000000,0.059621
537.000000,0.059619
538.000000,0.059597
539.000000,0.059607
540.000000,0.059607
541.000000,0.059587
542.000000,0.059559
543.000000,0.059582
544.000000,0.059584
545.000000,0.059569
546.000000,0.059596
547.000000,0.059596
548.000000,0.059608
549.000000,0.059542
550.000000,0.059574
551.000000,0.059596
552.000000,0.059614
553.000000,0.059618
554.000000,0.059576
555.000000,0.059516
556.000000,0.059530
557.000000,0.059606
558.000000,0.059654
559.000000,0.059640
560.000000,0.059588
561.000000,0.059611
562.000000,0.059650
563.000000,0.059628
564.000000,0.059586
565.000000,0.059618
566.000000,0.059662
567.000000,0.059601
568.000000,0.059598
569.000000,0.059622
570.000000,0.059574
571.000000,0.059607
572.000000,0.059657
573.000000,0.059632
574.000000,0.059657
575.000000,0.059678
576.000000,0.059632
577.000000,0.059627
578.000000,0.059646
579.000000,0.059696
580.000000,0.059614
581.000000,0.059655
582.000000,0.059681
583.000000,0.059632
584.000000,0.059611
585.000000,0.059642
586.000000,0.059674
587.000000,0.059663
588.000000,0.059665
589.000000,0.059687
590.000000,0.059767
591.000000,0.059663
592.000000,0.059633
593.000000,0.059663
594.000000,0.059670
595.000000,0.059762
596.000000,0.059705
597.000000,0.059694
598.000000,0.059616
599.000000,0.059622
600.000000,0.059728
601.000000,0.059611
602.000000,0.059656
603.000000,0.059654
604.000000,0.059639
605.000000,0.059704
606.000000,0.059660
607.000000,0.059736
608.000000,0.059733
609.000000,0.059661
610.000000,0.059656
611.000000,0.059673
612.000000,0.059686
613.000000,0.059684
614.000000,0.059576
615.000000,0.059715
616.000000,0.059715
617.000000,0.059649
618.000000,0.059783
619.000000,0.059615
620.000000,0.059729
621.000000,0.059704
622.000000,0.059767
623.000000,0.059655
624.000000,0.059619
625.000000,0.059764
626.000000,0.059770
627.000000,0.059714
628.000000,0.059694
629.000000,0.059740
630.000000,0.059707
631.000000,0.059759
632.000000,0.059708
633.000000,0.059675
634.000000,0.059776
635.000000,0.059694
636.000000,0.059742
637.000000,0.059715
638.000000,0.059811
639.000000,0.059698
640.000000,0.059736
641.000000,0.059786
642.000000,0.059689
643.000000,0.059683
644.000000,0.059767
645.000000,0.059768
646.000000,0.059762
647.000000,0.059785
648.000000,0.059728
649.000000,0.059789
650.000000,0.059728
651.000000,0.059711
652.000000,0.059710
653.000000,0.059651
654.000000,0.059766
655.000000,0.059791
656.000000,0.059728
657.000000,0.059810
658.000000,0.059743
659.000000,0.059738
660.000000,0.059712
661.000000,0.059713
662.000000,0.059753
663.000000,0.059915
664.000000,0.059761
665.000000,0.059812
666.000000,0.059751
667.000000,0.059775
668.000000,0.059815
669.000000,0.059731
670.000000,0.059776
671.000000,0.059787
672.000000,0.059842
673.000000,0.059853
674.000000,0.059794
675.000000,0.059684
676.000000,0.059766
677.000000,0.059779
678.000000,0.059740
679.000000,0.059728
680.000000,0.059791
681.000000,0.059826
682.000000,0.059865
683.000000,0.059815
684.000000,0.059760
685.000000,0.059766
686.000000,0.059834
687.000000,0.059838
688.000000,0.059859
689.000000,0.059802
690.000000,0.059795
691.000000,0.059897
692.000000,0.059900
693.000000,0.059850
694.000000,0.059802
695.000000,0.059806
696.000000,0.059840
697.000000,0.059805
698.000000,0.059811
699.000000,0.059796
700.000000,0.059850
701.000000,0.059882
702.000000,0.059826
703.000000,0.059828
704.000000,0.059772
705.000000,0.059819
706.000000,0.059911
707.000000,0.059853
708.000000,0.059815
709.000000,0.059767
710.000000,0.059839
711.000000,0.059879
712.000000,0.059858
713.000000,0.059921
714.000000,0.059957
715.000000,0.059872
716.000000,0.059948
717.000000,0.059889
718.000000,0.059833
719.000000,0.059915
720.000000,0.059842
721.000000,0.059892
722.000000,0.059974
723.000000,0.059789
724.000000,0.059734
725.000000,0.059893
726.000000,0.059893
727.000000,0.059807
728.000000,0.059875
729.000000,0.059881
730.000000,0.059895
731.000000,0.059871
732.000000,0.059856
733.000000,0.059814
734.000000,0.059931
735.000000,0.060048
736.000000,0.059868
737.000000,0.059785
738.000000,0.059903
739.000000,0.060012
740.000000,0.059919
741.000000,0.059825
742.000000,0.059849
743.000000,0.059878
744.000000,0.060026
745.000000,0.059976
746.000000,0.059900
747.000000,0.059943
748.000000,0.059827
749.000000,0.059949
750.000000,0.060113
751.000000,0.060024
752.000000,0.059851
753.000000,0.059906
754.000000,0.059943
755.000000,0.059955
756.000000,0.059965
757.000000,0.060035
758.000000,0.060025
759.000000,0.060217
760.000000,0.060180
761.000000,0.060029
762.000000,0.060027
763.000000,0.060099
764.000000,0.060035
765.000000,0.059860
766.000000,0.060037
767.000000,0.059983
768.000000,0.060231
769.000000,0.060011
770.000000,0.059845
771.000000,0.059897
772.000000,0.060020
773.000000,0.060179
774.000000,0.060131
775.000000,0.059998
776.000000,0.060079
777.000000,0.060073
778.000000,0.060207
779.000000,0.060154
780.000000,0.060004
781.000000,0.060090
782.000000,0.060136
783.000000,0.059986
784.000000,0.060004
785.000000,0.059983
786.000000,0.060006
787.000000,0.060010
788.000000,0.060072
789.000000,0.060242
790.000000,0.060044
791.000000,0.059982
792.000000,0.060078
793.000000,0.059985
794.000000,0.060088
795.000000,0.060020
796.000000,0.060150
797.000000,0.060274
798.000000,0.060107
799.000000,0.060230
800.000000,0.059961
801.000000,0.059804
802.000000,0.059903
803.000000,0.059999
804.000000,0.060166
805.000000,0.060261
806.000000,0.060066
807.000000,0.060149
808.000000,0.059937
809.000000,0.059891
810.000000,0.059802
811.000000,0.060066
812.000000,0.060134
813.000000,0.060206
814.000000,0.059944
815.000000,0.060090
816.000000,0.060081
817.000000,0.060098
818.000000,0.060243
819.000000,0.060062
820.000000,0.060021
821.000000,0.060085
822.000000,0.060125
823.000000,0.059913
824.000000,0.059857
825.000000,0.059825
826.000000,0.059819
827.000000,0.060110
828.000000,0.060036
829.000000,0.059798
830.000000,0.059913
831.000000,0.060067
832.000000,0.059969
833.000000,0.060122
834.000000,0.059938
835.000000,0.059958
836.000000,0.060136
837.000000,0.059927
838.000000,0.060195
839.000000,0.059937
840.000000,0.059926
841.000000,0.059820
842.000000,0.060112
843.000000,0.060010
844.000000,0.059876
845.000000,0.059941
846.000000,0.060119
847.000000,0.060009
848.000000,0.060067
849.000000,0.060117
850.000000,0.060179
851.000000,0.060114
852.000000,0.060160
853.000000,0.059967
854.000000,0.059979
855.000000,0.060030
856.000000,0.060049
857.000000,0.060214
858.000000,0.059985
859.000000,0.060028
860.000000,0.060067
861.000000,0.060220
862.000000,0.059997
863.000000,0.060137
864.000000,0.060075
865.000000,0.060021
866.000000,0.059968
867.000000,0.060181
868.000000,0.060093
869.000000,0.060093
870.000000,0.060159
871.000000,0.060052
872.000000,0.060168
873.000000,0.060273
874.000000,0.060139
875.000000,0.060129
876.000000,0.060130
877.000000,0.060021
878.000000,0.060160
879.000000,0.060039
880.000000,0.060134
881.000000,0.060110
882.000000,0.060098
883.000000,0.060194
884.000000,0.060088
885.000000,0.060093
886.000000,0.060109
887.000000,0.060275
888.000000,0.060178
889.000000,0.059996
890.000000,0.060008
891.000000,0.060036
892.000000,0.060197
893.000000,0.060259
894.000000,0.060186
895.000000,0.060332
896.000000,0.060234
897.000000,0.060241
898.000000,0.060122
899.000000,0.060239
900.000000,0.060205
901.000000,0.060108
902.000000,0.060149
903.000000,0.060166
904.000000,0.060213
905.000000,0.060176
906.000000,0.060213
907.000000,0.060195
908.000000,0.060182
909.000000,0.059995
910.000000,0.060188
911.000000,0.060193
912.000000,0.060033
913.000000,0.060169
914.000000,0.060196
915.000000,0.060144
916.000000,0.060152
917.000000,0.059992
918.000000,0.060091
919.000000,0.060202
920.000000,0.060172
921.000000,0.060113
922.000000,0.060264
923.000000,0.060283
924.000000,0.060143
925.000000,0.060228
926.000000,0.060274
927.000000,0.060177
928.000000,0.060132
929.000000,0.060265
930.000000,0.060288
931.000000,0.060096
932.000000,0.060038
933.000000,0.060151
934.000000,0.060161
935.000000,0.060191
936.000000,0.060171
937.000000,0.060272
938.000000,0.060320
939.000000,0.060213
940.000000,0.060275
941.000000,0.060147
942.000000,0.059983
943.000000,0.060085
944.000000,0.060216
945.000000,0.060300
946.000000,0.060414
947.000000,0.060393
948.000000,0.060350
949.000000,0.060296
950.000000,0.060284
951.000000,0.060290
952.000000,0.060179
953.000000,0.060250
954.000000,0.060301
955.000000,0.060281
956.000000,0.060342
957.000000,0.060417
958.000000,0.060454
959.000000,0.060507
960.000000,0.060343
961.000000,0.060337
962.000000,0.060468
963.000000,0.060360
964.000000,0.060384
965.000000,0.060456
966.000000,0.060461
967.000000,0.060328
968.000000,0.060302
969.000000,0.060279
970.000000,0.060390
971.000000,0.060427
972.000000,0.060305
973.000000,0.060269
974.000000,0.060440
975.000000,0.060492
976.000000,0.060549
977.000000,0.060556
978.000000,0.060337
979.000000,0.060363
980.000000,0.060446
981.000000,0.060388
982.000000,0.060423
983.000000,0.060498
984.000000,0.060526
985.000000,0.060478
986.000000,0.060279
987.000000,0.060355
988.000000,0.060456
989.000000,0.060294
990.000000,0.060541
991.000000,0.060590
992.000000,0.060246
993.000000,0.060459
994.000000,0.060577
995.000000,0.060511
996.000000,0.060497
997.000000,0.060479
998.000000,0.060302
999.000000,0.060408
1000.000000,0.060333
1001.000000,0.060481
1002.000000,0.060495
1003.000000,0.060459
1004.000000,0.060363
1005.000000,0.060330
1006.000000,0.060545
1007.000000,0.060459
1008.000000,0.060479
1009.000000,0.060552
1010.000000,0.060629
1011.000000,0.060572
1012.000000,0.060472
1013.000000,0.060837
1014.000000,0.060640
1015.000000,0.060469
1016.000000,0.060582
1017.000000,0.060638
1018.000000,0.060615
1019.000000,0.060552
1020.000000,0.060270
1021.000000,0.060534
1022.000000,0.060685
1023.000000,0.060422
1024.000000,0.060702
1025.000000,0.060684
1026.000000,0.060459
1027.000000,0.060695
1028.000000,0.060831
1029.000000,0.060533
1030.000000,0.060543
1031.000000,0.060453
1032.000000,0.060499
1033.000000,0.060557
1034.000000,0.060794
1035.000000,0.060544
1036.000000,0.060587
1037.000000,0.060530
1038.000000,0.060659
1039.000000,0.060561
1040.000000,0.060603
1041.000000,0.060556
1042.000000,0.060627
1043.000000,0.060657
1044.000000,0.060773
1045.000000,0.060804
1046.000000,0.060501
1047.000000,0.060380
1048.000000,0.060610
1049.000000,0.060963
1050.000000,0.060541
1051.000000,0.060587
1052.000000,0.060533
1053.000000,0.060569
1054.000000,0.060708
1055.000000,0.060706
1056.000000,0.060472
1057.000000,0.060485
1058.000000,0.060667
1059.000000,0.060664
1060.000000,0.060745
1061.000000,0.060518
1062.000000,0.060620
1063.000000,0.060604
1064.000000,0.060656
1065.000000,0.060732
1066.000000,0.060594
1067.000000,0.060968
1068.000000,0.060683
1069.000000,0.060708
1070.000000,0.060686
1071.000000,0.060325
1072.000000,0.060730
1073.000000,0.060505
1074.000000,0.060636
1075.000000,0.060572
1076.000000,0.060872
1077.000000,0.060713
1078.000000,0.060648
1079.000000,0.060580
1080.000000,0.060833
1081.000000,0.060695
1082.000000,0.060729
1083.000000,0.060662
1084.000000,0.060706
1085.000000,0.060755
1086.000000,0.060867
1087.000000,0.060668
1088.000000,0.060712
1089.000000,0.060670
1090.000000,0.060580
1091.000000,0.060738
1092.000000,0.060824
1093.000000,0.060733
1094.000000,0.060965
1095.000000,0.060859
1096.000000,0.060723
1097.000000,0.060757
1098.000000,0.060750
1099.000000,0.060669
1100.000000,0.060891
1101.000000,0.060833
1102.000000,0.060823
1103.000000,0.060839
1104.000000,0.060918
1105.000000,0.060777
1106.000000,0.060756
1107.000000,0.060827
1108.000000,0.060843
1109.000000,0.060907
1110.000000,0.060765
1111.000000,0.060664
1112.000000,0.060750
1113.000000,0.060821
1114.000000,0.060756
1115.000000,0.060795
1116.000000,0.060859
1117.000000,0.060753
1118.000000,0.060825
1119.000000,0.060736
1120.000000,0.060833
1121.000000,0.060876
1122.000000,0.060902
1123.000000,0.060830
1124.000000,0.060930
1125.000000,0.060942
1126.000000,0.060995
1127.000000,0.060965
1128.000000,0.060915
1129.000000,0.060866
1130.000000,0.061031
1131.000000,0.061212
1132.000000,0.060922
1133.000000,0.060989
1134.000000,0.061005
1135.000000,0.060952
1136.000000,0.060880
1137.000000,0.060684
1138.000000,0.060740
1139.000000,0.060980
1140.000000,0.061041
1141.000000,0.060976
1142.000000,0.060851
1143.000000,0.060949
1144.000000,0.060947
1145.000000,0.060882
1146.000000,0.060783
1147.000000,0.060896
1148.000000,0.060920
1149.000000,0.060884
1150.000000,0.061042
1151.000000,0.061004
1152.000000,0.061041
1153.000000,0.061035
1154.000000,0.061068
1155.000000,0.060822
1156.000000,0.060876
1157.000000,0.060997
1158.000000,0.061031
1159.000000,0.060976
1160.000000,0.060850
1161.000000,0.060918
1162.000000,0.060876
1163.000000,0.060887
1164.000000,0.060856
1165.000000,0.060926
1166.000000,0.060907
1167.000000,0.060929
1168.000000,0.060815
1169.000000,0.060967
1170.000000,0.061071
1171.000000,0.061032
1172.000000,0.061018
1173.000000,0.060974
1174.000000,0.061010
1175.000000,0.060949
1176.000000,0.060832
1177.000000,0.060859
1178.000000,0.060993
1179.000000,0.061026
1180.000000,0.060986
1181.000000,0.060982
1182.000000,0.061021
1183.000000,0.061045
1184.000000,0.061061
1185.000000,0.060984
1186.000000,0.060972
1187.000000,0.060988
1188.000000,0.060879
1189.000000,0.060993
1190.000000,0.061170
1191.000000,0.061187
1192.000000,0.061064
1193.000000,0.061022
1194.000000,0.061004
1195.000000,0.061019
1196.000000,0.061108
1197.000000,0.061122
1198.000000,0.061158
1199.000000,0.061083
1200.000000,0.061005
1201.000000,0.061011
1202.000000,0.060980
1203.000000,0.060974
1204.000000,0.061012
1205.000000,0.061000
1206.000000,0.061004
1207.000000,0.061053
1208.000000,0.061027
1209.000000,0.061043
1210.000000,0.061084
1211.000000,0.061057
1212.000000,0.061061
1213.000000,0.061132
1214.000000,0.061015
1215.000000,0.061121
1216.000000,0.061204
1217.000000,0.061054
1218.000000,0.061036
1219.000000,0.061217
1220.000000,0.061179
1221.000000,0.061070
1222.000000,0.061138
1223.000000,0.061260
1224.000000,0.061246
1225.000000,0.061125
1226.000000,0.061110
1227.000000,0.061086
1228.000000,0.061136
1229.000000,0.061106
1230.000000,0.061157
1231.000000,0.061252
1232.000000,0.061054
1233.000000,0.061055
1234.000000,0.060943
1235.000000,0.061115
1236.000000,0.061252
1237.000000,0.061035
1238.000000,0.061188
1239.000000,0.061270
1240.000000,0.061243
1241.000000,0.061072
1242.000000,0.061316
1243.000000,0.061161
1244.000000,0.061091
1245.000000,0.061192
1246.000000,0.061071
1247.000000,0.061243
1248.000000,0.061264
1249.000000,0.061175
1250.000000,0.061067
1251.000000,0.061030
1252.000000,0.061078
1253.000000,0.060951
1254.000000,0.061056
1255.000000,0.060979
1256.000000,0.061366
1257.000000,0.061298
1258.000000,0.061248
1259.000000,0.061022
1260.000000,0.060989
1261.000000,0.061421
1262.000000,0.061230
1263.000000,0.061158
1264.000000,0.061205
1265.000000,0.061171
1266.000000,0.061341
1267.000000,0.061477
1268.000000,0.061272
1269.000000,0.061126
1270.000000,0.061302
1271.000000,0.061122
1272.000000,0.061157
1273.000000,0.061139
1274.000000,0.061309
1275.000000,0.061333
1276.000000,0.061260
1277.000000,0.061277
1278.000000,0.060912
1279.000000,0.061004
1280.000000,0.061070
1281.000000,0.061282
1282.000000,0.061181
1283.000000,0.061332
1284.000000,0.061050
1285.000000,0.061369
1286.000000,0.061125
1287.000000,0.061107
1288.000000,0.061445
1289.000000,0.061271
1290.000000,0.061365
1291.000000,0.061252
1292.000000,0.061356
1293.000000,0.061310
1294.000000,0.061267
1295.000000,0.061359
1296.000000,0.061255
1297.000000,0.061203
1298.000000,0.061221
1299.000000,0.061286
1300.000000,0.061337
1301.000000,0.061237
1302.000000,0.061195
1303.000000,0.061343
1304.000000,0.061140
1305.000000,0.061138
1306.000000,0.061376
1307.000000,0.061284
1308.000000,0.061174
1309.000000,0.061391
1310.000000,0.061494
1311.000000,0.061197
1312.000000,0.061240
1313.000000,0.061219
1314.000000,0.061393
1315.000000,0.061282
1316.000000,0.061529
1317.000000,0.061296
1318.000000,0.061265
1319.000000,0.061262
1320.000000,0.061269
1321.000000,0.061377
1322.000000,0.061592
1323.000000,0.061288
1324.000000,0.061350
1325.000000,0.061354
1326.000000,0.061409
1327.000000,0.061305
1328.000000,0.061216
1329.000000,0.061098
1330.000000,0.061407
1331.000000,0.061441
1332.000000,0.061327
1333.000000,0.061324
1334.000000,0.061253
1335.000000,0.061264
1336.000000,0.061382
1337.000000,0.061397
1338.000000,0.061338
1339.000000,0.061481
1340.000000,0.061446
1341.000000,0.061268
1342.000000,0.061328
1343.000000,0.061452
1344.000000,0.061503
1345.000000,0.061501
1346.000000,0.061395
1347.000000,0.061355
1348.000000,0.061504
1349.000000,0.061586
1350.000000,0.061455
1351.000000,0.061342
1352.000000,0.061388
1353.000000,0.061331
1354.000000,0.061384
1355.000000,0.061460
1356.000000,0.061369
1357.000000,0.061494
1358.000000,0.061472
1359.000000,0.061362
1360.000000,0.061444
1361.000000,0.061541
1362.000000,0.061284
1363.000000,0.061264
1364.000000,0.061471
1365.000000,0.061515
1366.000000,0.061423
1367.000000,0.061565
1368.000000,0.061464
1369.000000,0.061443
1370.000000,0.061364
1371.000000,0.061349
1372.000000,0.061360
1373.000000,0.061383
1374.000000,0.061342
1375.000000,0.061395
1376.000000,0.061395
1377.000000,0.061471
1378.000000,0.061398
1379.000000,0.061221
1380.000000,0.061145
1381.000000,0.061460
1382.000000,0.061611
1383.000000,0.061638
1384.000000,0.061630
1385.000000,0.061470
1386.000000,0.061539
1387.000000,0.061453
1388.000000,0.061439
1389.000000,0.061345
1390.000000,0.061387
1391.000000,0.061482
1392.000000,0.061652
1393.000000,0.061495
1394.000000,0.061474
1395.000000,0.061441
1396.000000,0.061453
1397.000000,0.061378
1398.000000,0.061463
1399.000000,0.061508
1400.000000,0.061390
1401.000000,0.061415
1402.000000,0.061411
1403.000000,0.061382
1404.000000,0.061406
1405.000000,0.061502
1406.000000,0.061605
1407.000000,0.061448
1408.000000,0.061383
1409.000000,0.061543
1410.000000,0.061538
1411.000000,0.061452
1412.000000,0.061341
1413.000000,0.061343
1414.000000,0.061585
1415.000000,0.061564
1416.000000,0.061504
1417.000000,0.061539
1418.000000,0.061616
1419.000000,0.061486
1420.000000,0.061474
1421.000000,0.061571
1422.000000,0.061536
1423.000000,0.061464
1424.000000,0.061418
1425.000000,0.061386
1426.000000,0.061494
1427.000000,0.061525
1428.000000,0.061625
1429.000000,0.061630
1430.000000,0.061445
1431.000000,0.061382
1432.000000,0.061492
1433.000000,0.061531
1434.000000,0.061487
1435.000000,0.061474
1436.000000,0.061471
1437.000000,0.061537
1438.000000,0.061509
1439.000000,0.061533
1440.000000,0.061598
1441.000000,0.061700
1442.000000,0.061494
1443.000000,0.061370
1444.000000,0.061419
1445.000000,0.061455
1446.000000,0.061546
1447.000000,0.061596
1448.000000,0.061604
1449.000000,0.061642
1450.000000,0.061624
1451.000000,0.061669
1452.000000,0.061647
1453.000000,0.061648
1454.000000,0.061678
1455.000000,0.061502
1456.000000,0.061557
1457.000000,0.061631
1458.000000,0.061438
1459.000000,0.061458
1460.000000,0.061454
1461.000000,0.061425
1462.000000,0.061497
1463.000000,0.061462
1464.000000,0.061501
1465.000000,0.061552
1466.000000,0.061599
1467.000000,0.061666
1468.000000,0.061595
1469.000000,0.061538
1470.000000,0.061718
1471.000000,0.061769
1472.000000,0.061514
1473.000000,0.061628
1474.000000,0.061694
1475.000000,0.061808
1476.000000,0.061627
1477.000000,0.061619
1478.000000,0.061561
1479.000000,0.061706
1480.000000,0.061704
1481.000000,0.061631
1482.000000,0.061832
1483.000000,0.061628
1484.000000,0.061555
1485.000000,0.061690
1486.000000,0.061691
1487.000000,0.061784
1488.000000,0.061701
1489.000000,0.061667
1490.000000,0.061763
1491.000000,0.061756
1492.000000,0.061672
1493.000000,0.061682
1494.000000,0.061797
1495.000000,0.061932
1496.000000,0.061760
1497.000000,0.061733
1498.000000,0.061709
1499.000000,0.061771
1500.000000,0.061675
1501.000000,0.061682
1502.000000,0.061711
1503.000000,0.062001
1504.000000,0.061687
1505.000000,0.061933
1506.000000,0.061879
1507.000000,0.061803
1508.000000,0.061802
1509.000000,0.061586
1510.000000,0.061710
1511.000000,0.061727
1512.000000,0.061924
1513.000000,0.061821
1514.000000,0.061703
1515.000000,0.061830
1516.000000,0.061726
1517.000000,0.061882
1518.000000,0.061709
1519.000000,0.061763
1520.000000,0.061970
1521.000000,0.061901
1522.000000,0.061771
1523.000000,0.061760
1524.000000,0.061805
1525.000000,0.061876
1526.000000,0.061883
1527.000000,0.062053
1528.000000,0.061745
1529.000000,0.061981
1530.000000,0.061750
1531.000000,0.061987
1532.000000,0.061872
1533.000000,0.061641
1534.000000,0.061782
1535.000000,0.061906
1536.000000,0.061832
1537.000000,0.061764
1538.000000,0.061888
1539.000000,0.061848
1540.000000,0.061741
1541.000000,0.062092
1542.000000,0.061940
1543.000000,0.061946
1544.000000,0.061946
1545.000000,0.061865
1546.000000,0.061763
1547.000000,0.061857
1548.000000,0.061902
1549.000000,0.061922
1550.000000,0.061887
1551.000000,0.061979
1552.000000,0.061964
1553.000000,0.061684
1554.000000,0.061918
1555.000000,0.061906
1556.000000,0.061975
1557.000000,0.062054
1558.000000,0.061971
1559.000000,0.061856
1560.000000,0.061801
1561.000000,0.062014
1562.000000,0.061957
1563.000000,0.062077
1564.000000,0.062096
1565.000000,0.061824
1566.000000,0.061808
1567.000000,0.062042
1568.000000,0.061891
1569.000000,0.062033
1570.000000,0.062013
1571.000000,0.061820
1572.000000,0.061852
1573.000000,0.062004
1574.000000,0.061852
1575.000000,0.061959
1576.000000,0.062214
1577.000000,0.062065
1578.000000,0.062117
1579.000000,0.062163
1580.000000,0.062087
1581.000000,0.062093
1582.000000,0.062222
1583.000000,0.061917
1584.000000,0.061919
1585.000000,0.062142
1586.000000,0.062186
1587.000000,0.062140
1588.000000,0.062128
1589.000000,0.062148
1590.000000,0.062115
1591.000000,0.062141
1592.000000,0.062103
1593.000000,0.062111
1594.000000,0.062241
1595.000000,0.062297
1596.000000,0.062027
1597.000000,0.061995
1598.000000,0.062037
1599.000000,0.062127
1600.000000,0.062170
1601.000000,0.062172
1602.000000,0.062008
1603.000000,0.061997
1604.000000,0.062063
1605.000000,0.062216
1606.000000,0.062202
1607.000000,0.062164
1608.000000,0.062018
1609.000000,0.062073
1610.000000,0.062138
1611.000000,0.062090
1612.000000,0.062173
1613.000000,0.062164
1614.000000,0.062220
1615.000000,0.062206
1616.000000,0.062188
1617.000000,0.062269
1618.000000,0.062223
1619.000000,0.062138
1620.000000,0.062096
1621.000000,0.062037
1622.000000,0.062121
1623.000000,0.062196
1624.000000,0.062225
1625.000000,0.062209
1626.000000,0.062143
1627.000000,0.062133
1628.000000,0.062248
1629.000000,0.062228
1630.000000,0.062138
1631.000000,0.062280
1632.000000,0.062271
1633.000000,0.062207
1634.000000,0.062244
1635.000000,0.062227
1636.000000,0.062158
1637.000000,0.062199
1638.000000,0.062281
1639.000000,0.062260
1640.000000,0.062109
1641.000000,0.062206
1642.000000,0.062345
1643.000000,0.062332
1644.000000,0.062263
1645.000000,0.062201
1646.000000,0.062376
1647.000000,0.062469
1648.000000,0.062331
1649.000000,0.062234
1650.000000,0.062171
1651.000000,0.062224
1652.000000,0.062308
1653.000000,0.062402
1654.000000,0.062312
1655.000000,0.062200
1656.000000,0.062284
1657.000000,0.062325
1658.000000,0.062308
1659.000000,0.062415
1660.000000,0.062393
1661.000000,0.062248
1662.000000,0.062199
1663.000000,0.062273
1664.000000,0.062410
1665.000000,0.062411
1666.000000,0.062315
1667.000000,0.062317
1668.000000,0.062370
1669.000000,0.062255
1670.000000,0.062258
1671.000000,0.062323
1672.000000,0.062215
1673.000000,0.062255
1674.000000,0.062429
1675.000000,0.062319
1676.000000,0.062387
1677.000000,0.062427
1678.000000,0.062350
1679.000000,0.062418
1680.000000,0.062430
1681.000000,0.062456
1682.000000,0.062321
1683.000000,0.062188
1684.000000,0.062219
1685.000000,0.062374
1686.000000,0.062430
1687.000000,0.062359
1688.000000,0.062356
1689.000000,0.062391
1690.000000,0.062445
1691.000000,0.062521
1692.000000,0.062450
1693.000000,0.062363
1694.000000,0.062491
1695.000000,0.062291
1696.000000,0.062173
1697.000000,0.062301
1698.000000,0.062467
1699.000000,0.062511
1700.000000,0.062396
1701.000000,0.062412
1702.000000,0.062541
1703.000000,0.062418
1704.000000,0.062515
1705.000000,0.062390
1706.000000,0.062330
1707.000000,0.062522
1708.000000,0.062468
1709.000000,0.062478
1710.000000,0.062467
1711.000000,0.062563
1712.000000,0.062578
1713.000000,0.062461
1714.000000,0.062346
1715.000000,0.062634
1716.000000,0.062532
1717.000000,0.062382
1718.000000,0.062405
1719.000000,0.062315
1720.000000,0.062431
1721.000000,0.062520
1722.000000,0.062453
1723.000000,0.062612
1724.000000,0.062570
1725.000000,0.062584
1726.000000,0.062374
1727.000000,0.062490
1728.000000,0.062773
1729.000000,0.062549
1730.000000,0.062548
1731.000000,0.062470
1732.000000,0.062570
1733.000000,0.062578
1734.000000,0.062374
1735.000000,0.062440
1736.000000,0.062435
1737.000000,0.062545
1738.000000,0.062526
1739.000000,0.062334
1740.000000,0.062415
1741.000000,0.062584
1742.000000,0.062607
1743.000000,0.062601
1744.000000,0.062426
1745.000000,0.062620
1746.000000,0.062654
1747.000000,0.062553
1748.000000,0.062517
1749.000000,0.062444
1750.000000,0.062383
1751.000000,0.062342
1752.000000,0.062552
1753.000000,0.062478
1754.000000,0.062635
1755.000000,0.062482
1756.000000,0.062417
1757.000000,0.062424
1758.000000,0.062718
1759.000000,0.062668
1760.000000,0.062646
1761.000000,0.062527
1762.000000,0.062750
1763.000000,0.062306
1764.000000,0.062346
1765.000000,0.062449
1766.000000,0.062728
1767.000000,0.062578
1768.000000,0.062667
1769.000000,0.062509
1770.000000,0.062555
1771.000000,0.062610
1772.000000,0.062745
1773.000000,0.062659
1774.000000,0.062544
1775.000000,0.062645
1776.000000,0.062619
1777.000000,0.062733
1778.000000,0.062629
1779.000000,0.062564
1780.000000,0.062562
1781.000000,0.062580
1782.000000,0.062611
1783.000000,0.062748
1784.000000,0.062520
1785.000000,0.062800
1786.000000,0.062823
1787.000000,0.062732
1788.000000,0.062732
1789.000000,0.062768
1790.000000,0.062733
1791.000000,0.062658
1792.000000,0.062489
1793.000000,0.062638
1794.000000,0.062771
1795.000000,0.062688
1796.000000,0.062636
1797.000000,0.062582
1798.000000,0.062565
1799.000000,0.062847
1800.000000,0.062733
1801.000000,0.062597
1802.000000,0.062814
1803.000000,0.062683
1804.000000,0.062892
1805.000000,0.062682
1806.000000,0.062834
1807.000000,0.062824
1808.000000,0.062646
1809.000000,0.062859
1810.000000,0.062847
1811.000000,0.062528
1812.000000,0.062732
1813.000000,0.062943
1814.000000,0.062718
1815.000000,0.062811
1816.000000,0.062771
1817.000000,0.062830
1818.000000,0.062686
1819.000000,0.062704
1820.000000,0.062599
1821.000000,0.062668
1822.000000,0.062593
1823.000000,0.062781
1824.000000,0.062906
1825.000000,0.062686
1826.000000,0.062613
1827.000000,0.062810
1828.000000,0.062742
1829.000000,0.062756
1830.000000,0.062743
1831.000000,0.062523
1832.000000,0.062679
1833.000000,0.062710
1834.000000,0.062547
1835.000000,0.062564
1836.000000,0.062606
1837.000000,0.062557
1838.000000,0.062563
1839.000000,0.062662
1840.000000,0.062700
1841.000000,0.062598
1842.000000,0.062627
1843.000000,0.062696
1844.000000,0.062655
1845.000000,0.062558
1846.000000,0.062558
1847.000000,0.062596
1848.000000,0.062593
1849.000000,0.062587
1850.000000,0.062676
1851.000000,0.062718
1852.000000,0.062541
1853.000000,0.062644
1854.000000,0.062693
1855.000000,0.062680
1856.000000,0.062730
1857.000000,0.062732
1858.000000,0.062632
1859.000000,0.062527
1860.000000,0.062561
1861.000000,0.062597
1862.000000,0.062695
1863.000000,0.062666
1864.000000,0.062584
1865.000000,0.062588
1866.000000,0.062546
1867.000000,0.062568
1868.000000,0.062563
1869.000000,0.062516
1870.000000,0.062512
1871.000000,0.062522
1872.000000,0.062580
1873.000000,0.062479
1874.000000,0.062522
1875.000000,0.062725
1876.000000,0.062779
1877.000000,0.062616
1878.000000,0.062541
1879.000000,0.062567
1880.000000,0.062546
1881.000000,0.062683
1882.000000,0.062721
1883.000000,0.062631
1884.000000,0.062546
1885.000000,0.062499
1886.000000,0.062591
1887.000000,0.062592
1888.000000,0.062526
1889.000000,0.062597
1890.000000,0.062635
1891.000000,0.062675
1892.000000,0.062758
1893.000000,0.062636
1894.000000,0.062577
1895.000000,0.062581
1896.000000,0.062664
1897.000000,0.062671
1898.000000,0.062735
1899.000000,0.062652
1900.000000,0.062552
1901.000000,0.062568
1902.000000,0.062475
1903.000000,0.062493
1904.000000,0.062505
1905.000000,0.062566
1906.000000,0.062454
1907.000000,0.062615
1908.000000,0.062673
1909.000000,0.062437
1910.000000,0.062729
1911.000000,0.062838
1912.000000,0.062545
1913.000000,0.062620
1914.000000,0.062653
1915.000000,0.062579
1916.000000,0.062578
1917.000000,0.062595
1918.000000,0.062694
1919.000000,0.062686
1920.000000,0.062561
1921.000000,0.062481
1922.000000,0.062600
1923.000000,0.062777
1924.000000,0.062613
1925.000000,0.062560
1926.000000,0.062745
1927.000000,0.062684
1928.000000,0.062786
1929.000000,0.062662
1930.000000,0.062611
1931.000000,0.062726
1932.000000,0.062571
1933.000000,0.062624
1934.000000,0.062817
1935.000000,0.062626
1936.000000,0.062634
1937.000000,0.062706
1938.000000,0.062664
1939.000000,0.062637
1940.000000,0.062680
1941.000000,0.062740
1942.000000,0.062741
1943.000000,0.062935
1944.000000,0.062836
1945.000000,0.062765
1946.000000,0.062813
1947.000000,0.062663
1948.000000,0.062888
1949.000000,0.062707
1950.000000,0.062710
1951.000000,0.062802
1952.000000,0.062673
1953.000000,0.062865
1954.000000,0.062714
1955.000000,0.062885
1956.000000,0.063054
1957.000000,0.063144
1958.000000,0.062893
1959.000000,0.063010
1960.000000,0.063016
1961.000000,0.062992
1962.000000,0.062790
1963.000000,0.063020
1964.000000,0.062740
1965.000000,0.062864
1966.000000,0.062785
1967.000000,0.063048
1968.000000,0.063120
1969.000000,0.063002
1970.000000,0.062877
1971.000000,0.062986
1972.000000,0.062908
1973.000000,0.062990
1974.000000,0.063111
1975.000000,0.062882
1976.000000,0.063015
1977.000000,0.063043
1978.000000,0.063183
1979.000000,0.062985
1980.000000,0.063044
1981.000000,0.062944
1982.000000,0.063073
1983.000000,0.062945
1984.000000,0.062922
1985.000000,0.063096
1986.000000,0.063065
1987.000000,0.063111
1988.000000,0.062937
1989.000000,0.063085
1990.000000,0.062919
1991.000000,0.062966
1992.000000,0.063098
1993.000000,0.063132
1994.000000,0.063093
1995.000000,0.062913
1996.000000,0.062994
1997.000000,0.063063
1998.000000,0.063009
1999.000000,0.063177
2000.000000,0.062994
2001.000000,0.062959
2002.000000,0.063069
2003.000000,0.062898
2004.000000,0.063220
2005.000000,0.063138
2006.000000,0.062983
2007.000000,0.063099
2008.000000,0.063026
2009.000000,0.063132
2010.000000,0.062974
2011.000000,0.063057
2012.000000,0.063245
2013.000000,0.063075
2014.000000,0.063135
2015.000000,0.063061
2016.000000,0.062937
2017.000000,0.063174
2018.000000,0.063028
2019.000000,0.063170
2020.000000,0.063182
2021.000000,0.063034
2022.000000,0.063231
2023.000000,0.063066
2024.000000,0.063004
2025.000000,0.063056
2026.000000,0.063016
2027.000000,0.063319
2028.000000,0.063113
2029.000000,0.063237
2030.000000,0.063058
2031.000000,0.063100
2032.000000,0.063172
2033.000000,0.063199
2034.000000,0.063215
2035.000000,0.063051
2036.000000,0.063196
2037.000000,0.063223
2038.000000,0.063141
2039.000000,0.063247
2040.000000,0.063092
2041.000000,0.063241
2042.000000,0.063403
2043.000000,0.063359
2044.000000,0.063307
2045.000000,0.063308
2046.000000,0.063180
2047.000000,0.063182
2048.000000,0.063302
2049.000000,0.063268
2050.000000,0.063223
2051.000000,0.063296
2052.000000,0.063189
2053.000000,0.063263
2054.000000,0.063319
2055.000000,0.063305
2056.000000,0.063379
2057.000000,0.063239
2058.000000,0.063298
2059.000000,0.063274
2060.000000,0.063323
2061.000000,0.063420
2062.000000,0.063316
2063.000000,0.063383
2064.000000,0.063327
2065.000000,0.063444
2066.000000,0.063447
2067.000000,0.063426
2068.000000,0.063519
2069.000000,0.063509
2070.000000,0.063492
2071.000000,0.063516
2072.000000,0.063599
2073.000000,0.063432
2074.000000,0.063469
2075.000000,0.063585
2076.000000,0.063488
2077.000000,0.063472
2078.000000,0.063549
2079.000000,0.063479
2080.000000,0.063633
2081.000000,0.063476
2082.000000,0.063408
2083.000000,0.063615
2084.000000,0.063604
2085.000000,0.063501
2086.000000,0.063676
2087.000000,0.063656
2088.000000,0.063603
2089.000000,0.063647
2090.000000,0.063675
2091.000000,0.063541
2092.000000,0.063597
2093.000000,0.063645
2094.000000,0.063602
2095.000000,0.063671
2096.000000,0.063731
2097.000000,0.063810
2098.000000,0.063742
2099.000000,0.063584
2100.000000,0.063644
2101.000000,0.063766
2102.000000,0.063716
2103.000000,0.063618
2104.000000,0.063726
2105.000000,0.063760
2106.000000,0.063727
2107.000000,0.063778
2108.000000,0.063746
2109.000000,0.063638
2110.000000,0.063565
2111.000000,0.063705
2112.000000,0.063765
2113.000000,0.063752
2114.000000,0.063660
2115.000000,0.063732
2116.000000,0.063778
2117.000000,0.063681
2118.000000,0.063647
2119.000000,0.063712
2120.000000,0.063802
2121.000000,0.063694
2122.000000,0.063742
2123.000000,0.063810
2124.000000,0.063797
2125.000000,0.063579
2126.000000,0.063609
2127.000000,0.063836
2128.000000,0.063865
2129.000000,0.063805
2130.000000,0.063753
2131.000000,0.063774
2132.000000,0.063788
2133.000000,0.063647
2134.000000,0.063825
2135.000000,0.063863
2136.000000,0.063766
2137.000000,0.063795
2138.000000,0.063763
2139.000000,0.063673
2140.000000,0.063697
2141.000000,0.063666
2142.000000,0.063650
2143.000000,0.063666
2144.000000,0.063814
2145.000000,0.063843
2146.000000,0.063861
2147.000000,0.063741
2148.000000,0.063780
2149.000000,0.063808
2150.000000,0.063707
2151.000000,0.063710
2152.000000,0.063632
2153.000000,0.063758
2154.000000,0.063695
2155.000000,0.063745
2156.000000,0.063774
2157.000000,0.063778
2158.000000,0.063804
2159.000000,0.063729
2160.000000,0.063765
2161.000000,0.063698
2162.000000,0.063724
2163.000000,0.063929
2164.000000,0.063799
2165.000000,0.063852
2166.000000,0.063728
2167.000000,0.063902
2168.000000,0.063927
2169.000000,0.063814
2170.000000,0.063838
2171.000000,0.064030
2172.000000,0.064035
2173.000000,0.063913
2174.000000,0.063900
2175.000000,0.064029
2176.000000,0.063945
2177.000000,0.063799
2178.000000,0.063698
2179.000000,0.063772
2180.000000,0.063987
2181.000000,0.063779
2182.000000,0.063979
2183.000000,0.063977
2184.000000,0.063857
2185.000000,0.063817
2186.000000,0.063918
2187.000000,0.063964
2188.000000,0.063883
2189.000000,0.063834
2190.000000,0.063723
2191.000000,0.063796
2192.000000,0.063931
2193.000000,0.063821
2194.000000,0.063848
2195.000000,0.063908
2196.000000,0.063950
2197.000000,0.063867
2198.000000,0.064045
2199.000000,0.063925
2200.000000,0.064181
2201.000000,0.064045
2202.000000,0.063830
2203.000000,0.063804
2204.000000,0.064025
2205.000000,0.063933
2206.000000,0.063953
2207.000000,0.063854
2208.000000,0.063789
2209.000000,0.063904
2210.000000,0.063936
2211.000000,0.063782
2212.000000,0.064009
2213.000000,0.064018
2214.000000,0.064085
2215.000000,0.064174
2216.000000,0.064007
2217.000000,0.064064
2218.000000,0.064131
2219.000000,0.064254
2220.000000,0.064145
2221.000000,0.063963
2222.000000,0.063906
2223.000000,0.064144
2224.000000,0.064061
2225.000000,0.064127
2226.000000,0.064022
2227.000000,0.064010
2228.000000,0.064191
2229.000000,0.063959
2230.000000,0.063786
2231.000000,0.064086
2232.000000,0.064064
2233.000000,0.063954
2234.000000,0.064071
2235.000000,0.064057
2236.000000,0.064025
2237.000000,0.064037
2238.000000,0.064199
2239.000000,0.064022
2240.000000,0.064134
2241.000000,0.064028
2242.000000,0.064018
2243.000000,0.064120
2244.000000,0.064132
2245.000000,0.064147
2246.000000,0.064088
2247.000000,0.063972
2248.000000,0.064048
2249.000000,0.064021
2250.000000,0.064172
2251.000000,0.064024
2252.000000,0.064075
2253.000000,0.064074
2254.000000,0.064202
2255.000000,0.064295
2256.000000,0.064163
2257.000000,0.064275
2258.000000,0.064169
2259.000000,0.064296
2260.000000,0.064355
2261.000000,0.064294
2262.000000,0.064236
2263.000000,0.064214
2264.000000,0.064340
2265.000000,0.064330
2266.000000,0.064290
2267.000000,0.064302
2268.000000,0.064394
2269.000000,0.064353
2270.000000,0.064288
2271.000000,0.064299
2272.000000,0.064245
2273.000000,0.064249
2274.000000,0.064284
2275.000000,0.064185
2276.000000,0.064247
2277.000000,0.064303
2278.000000,0.064352
2279.000000,0.064263
2280.000000,0.064236
2281.000000,0.064161
2282.000000,0.064152
2283.000000,0.064100
2284.000000,0.064125
2285.000000,0.064251
2286.000000,0.064401
2287.000000,0.064371
2288.000000,0.064398
2289.000000,0.064292
2290.000000,0.064337
2291.000000,0.064410
2292.000000,0.064477
2293.000000,0.064482
2294.000000,0.064578
2295.000000,0.064590
2296.000000,0.064521
2297.000000,0.064280
2298.000000,0.064387
2299.000000,0.064714
2300.000000,0.064638
2301.000000,0.064407
2302.000000,0.064450
2303.000000,0.064608
2304.000000,0.064555
2305.000000,0.064463
2306.000000,0.064570
2307.000000,0.064682
2308.000000,0.064651
2309.000000,0.064518
2310.000000,0.064636
2311.000000,0.064651
2312.000000,0.064724
2313.000000,0.064795
2314.000000,0.064776
2315.000000,0.064678
2316.000000,0.064551
2317.000000,0.064508
2318.000000,0.064283
2319.000000,0.064345
2320.000000,0.064597
2321.000000,0.064567
2322.000000,0.064482
2323.000000,0.064517
2324.000000,0.064563
2325.000000,0.064587
2326.000000,0.064516
2327.000000,0.064595
2328.000000,0.064501
2329.000000,0.064335
2330.000000,0.064482
2331.000000,0.064620
2332.000000,0.064530
2333.000000,0.064655
2334.000000,0.064619
2335.000000,0.064459
2336.000000,0.064426
2337.000000,0.064422
2338.000000,0.064482
2339.000000,0.064501
2340.000000,0.064418
2341.000000,0.064506
2342.000000,0.064580
2343.000000,0.064619
2344.000000,0.064592
2345.000000,0.064289
2346.000000,0.064251
2347.000000,0.064299
2348.000000,0.064493
2349.000000,0.064353
2350.000000,0.064244
2351.000000,0.064173
2352.000000,0.064173
2353.000000,0.064292
2354.000000,0.064194
2355.000000,0.064274
2356.000000,0.064382
2357.000000,0.064252
2358.000000,0.064070
2359.000000,0.064204
2360.000000,0.064400
2361.000000,0.064565
2362.000000,0.064260
2363.000000,0.064043
2364.000000,0.064272
2365.000000,0.064358
2366.000000,0.064230
2367.000000,0.064347
2368.000000,0.064793
2369.000000,0.064769
2370.000000,0.064752
2371.000000,0.064715
2372.000000,0.064600
2373.000000,0.064427
2374.000000,0.064472
2375.000000,0.064588
2376.000000,0.064192
2377.000000,0.064314
2378.000000,0.064275
2379.000000,0.064444
2380.000000,0.064369
2381.000000,0.064584
2382.000000,0.064357
2383.000000,0.064789
2384.000000,0.064736
2385.000000,0.064713
2386.000000,0.064736
2387.000000,0.064540
2388.000000,0.064657
2389.000000,0.064289
2390.000000,0.064403
2391.000000,0.064640
2392.000000,0.064822
2393.000000,0.064620
2394.000000,0.064546
2395.000000,0.064618
2396.000000,0.064771
2397.000000,0.064015
2398.000000,0.063858
2399.000000,0.064190
2400.000000,0.064086
2401.000000,0.064377
2402.000000,0.064102
2403.000000,0.063985
2404.000000,0.064171
2405.000000,0.064291
2406.000000,0.064190
2407.000000,0.063750
2408.000000,0.064346
2409.000000,0.064391
2410.000000,0.064224
2411.000000,0.064204
2412.000000,0.064281
2413.000000,0.064521
2414.000000,0.064281
2415.000000,0.064027
2416.000000,0.064420
2417.000000,0.064895
2418.000000,0.064995
2419.000000,0.064989
2420.000000,0.064902
2421.000000,0.065430
2422.000000,0.065295
2423.000000,0.064936
2424.000000,0.064735
2425.000000,0.064982
2426.000000,0.065002
2427.000000,0.064578
2428.000000,0.064877
2429.000000,0.064726
2430.000000,0.064823
2431.000000,0.065310
2432.000000,0.065289
2433.000000,0.065016
2434.000000,0.065644
2435.000000,0.065704
2436.000000,0.065928
2437.000000,0.066046
2438.000000,0.066010
2439.000000,0.066160
2440.000000,0.065917
2441.000000,0.066102
2442.000000,0.066245
2443.000000,0.065483
2444.000000,0.065638
2445.000000,0.065467
2446.000000,0.065046
2447.000000,0.064727
2448.000000,0.064979
2449.000000,0.065512
2450.000000,0.065026
