344.200012,0.138470
345.799988,0.134004
347.399994,0.141448
348.899994,0.142937
350.500000,0.148022
352.100006,0.143004
353.700012,0.132061
355.299988,0.131778
356.899994,0.123502
358.500000,0.123669
360.100006,0.119898
361.600006,0.117905
363.200012,0.120231
364.799988,0.115148
366.399994,0.113566
368.000000,0.112305
369.500000,0.100786
371.100006,0.099487
372.700012,0.096989
374.200012,0.097270
375.799988,0.098148
377.399994,0.101858
378.899994,0.108552
380.500000,0.111311
382.100006,0.118256
383.600006,0.125110
385.200012,0.130542
386.700012,0.136628
388.299988,0.143340
389.899994,0.153813
391.399994,0.162122
393.000000,0.170868
394.500000,0.180001
396.100006,0.187988
397.600006,0.195713
399.200012,0.201397
400.700012,0.207481
402.200012,0.213902
403.799988,0.219028
405.299988,0.221869
406.899994,0.225865
408.399994,0.228023
409.899994,0.228973
411.500000,0.231068
413.000000,0.231660
414.600006,0.231927
416.100006,0.232400
417.600006,0.232793
419.200012,0.232849
420.700012,0.232094
422.200012,0.232178
423.700012,0.232713
425.299988,0.232119
426.799988,0.232108
428.299988,0.231669
429.799988,0.231884
431.399994,0.231600
432.899994,0.231580
434.399994,0.230652
435.899994,0.230770
437.500000,0.230298
439.000000,0.230505
440.500000,0.229700
442.000000,0.229439
443.500000,0.229314
445.000000,0.229061
446.600006,0.228547
448.100006,0.228175
449.600006,0.228025
451.100006,0.227576
452.600006,0.227722
454.100006,0.227612
455.600006,0.226754
457.100006,0.226282
458.600006,0.226407
460.100006,0.225984
461.600006,0.225975
463.100006,0.225679
464.600006,0.225499
466.100006,0.225028
467.600006,0.224813
469.100006,0.224553
470.600006,0.224193
472.100006,0.224092
473.600006,0.224056
475.100006,0.223391
476.600006,0.223110
478.100006,0.223010
479.600006,0.222353
481.100006,0.221929
482.600006,0.221442
484.100006,0.221075
485.600006,0.220757
487.100006,0.220570
488.600006,0.220181
490.100006,0.219752
491.600006,0.219371
493.000000,0.218792
494.500000,0.218361
496.000000,0.217811
497.500000,0.217459
499.000000,0.217072
500.500000,0.216324
501.899994,0.215920
503.399994,0.215464
504.899994,0.215023
506.399994,0.214307
507.899994,0.213950
509.299988,0.213347
510.799988,0.212901
512.299988,0.212383
513.799988,0.211762
515.200012,0.211324
516.700012,0.210738
518.200012,0.210249
519.700012,0.209683
521.099976,0.209191
522.599976,0.208709
524.099976,0.208058
525.500000,0.207484
527.000000,0.207073
528.500000,0.206511
529.900024,0.205906
531.400024,0.205428
532.900024,0.204896
534.299988,0.204361
535.799988,0.203757
537.299988,0.203503
538.700012,0.202827
540.200012,0.202347
541.599976,0.201848
543.099976,0.201605
544.599976,0.201031
546.000000,0.200434
547.500000,0.199869
548.900024,0.199309
550.400024,0.198882
551.799988,0.198534
553.299988,0.198146
554.700012,0.197798
556.200012,0.197417
557.599976,0.197095
559.099976,0.196706
560.500000,0.196327
562.000000,0.195996
563.400024,0.195601
564.900024,0.195194
566.299988,0.194976
567.799988,0.194582
569.200012,0.194261
570.700012,0.193914
572.099976,0.193722
573.500000,0.193418
575.000000,0.193071
576.400024,0.192997
577.900024,0.192651
579.299988,0.192343
580.700012,0.192222
582.200012,0.192008
583.599976,0.191886
585.000000,0.191664
586.500000,0.191493
587.900024,0.191320
589.299988,0.191165
590.700012,0.191148
592.200012,0.190928
593.599976,0.190735
595.000000,0.190825
596.500000,0.190612
597.900024,0.190577
599.299988,0.190526
600.700012,0.190425
602.099976,0.190307
603.599976,0.190301
605.000000,0.190319
606.400024,0.190312
607.799988,0.190315
609.200012,0.190369
610.700012,0.190222
612.099976,0.190228
613.500000,0.190365
614.900024,0.190366
616.299988,0.190344
617.700012,0.190475
619.099976,0.190548
620.500000,0.190618
621.900024,0.190625
623.299988,0.190858
624.700012,0.190821
626.099976,0.191004
627.599976,0.191090
629.000000,0.191202
630.400024,0.191268
631.799988,0.191508
633.200012,0.191635
634.599976,0.191773
635.900024,0.191956
637.299988,0.192219
638.700012,0.192312
640.099976,0.192519
641.500000,0.192743
642.900024,0.192895
644.299988,0.193032
645.700012,0.193312
647.099976,0.193484
648.500000,0.193711
649.799988,0.193936
651.200012,0.194222
652.599976,0.194394
654.000000,0.194630
655.400024,0.194934
656.799988,0.195151
658.099976,0.195395
659.500000,0.195736
660.900024,0.195991
662.299988,0.196213
663.599976,0.196524
665.000000,0.196856
666.400024,0.197118
667.799988,0.197371
669.099976,0.197690
670.500000,0.197961
671.900024,0.198223
673.200012,0.198501
674.599976,0.198835
675.900024,0.199067
677.299988,0.199320
678.700012,0.199732
680.000000,0.199941
681.400024,0.200183
682.700012,0.200537
684.099976,0.200830
685.500000,0.201090
686.799988,0.201384
688.200012,0.201592
689.500000,0.201907
690.900024,0.202173
692.200012,0.202581
693.599976,0.202745
694.900024,0.202913
696.200012,0.203081
697.599976,0.203322
698.900024,0.203496
700.299988,0.203692
701.599976,0.203916
702.900024,0.204011
704.299988,0.204272
705.599976,0.204532
707.000000,0.204601
708.299988,0.204718
709.599976,0.204983
711.000000,0.205096
712.299988,0.205218
713.599976,0.205310
714.900024,0.205485
716.299988,0.205526
717.599976,0.205628
718.900024,0.205944
720.200012,0.205883
721.500000,0.205925
722.900024,0.206113
724.200012,0.206164
725.500000,0.206196
726.799988,0.206332
728.099976,0.206357
729.400024,0.206493
730.700012,0.206548
732.099976,0.206664
733.400024,0.206582
734.700012,0.206641
736.000000,0.206812
737.299988,0.206741
738.599976,0.206844
739.900024,0.206829
741.200012,0.206893
742.500000,0.206912
743.799988,0.206888
745.099976,0.207028
746.400024,0.207032
747.700012,0.206985
749.000000,0.207076
750.200012,0.206956
751.500000,0.206946
752.799988,0.207164
754.099976,0.207071
755.400024,0.207074
756.700012,0.207045
758.000000,0.207142
759.200012,0.206995
760.500000,0.206996
761.799988,0.207063
763.099976,0.207037
764.299988,0.207057
765.599976,0.207182
766.900024,0.207090
768.200012,0.207142
769.400024,0.207137
770.700012,0.207308
772.000000,0.207258
773.200012,0.207255
774.500000,0.207291
775.799988,0.207274
777.000000,0.207206
778.299988,0.207417
779.500000,0.207276
780.799988,0.207337
782.000000,0.207330
783.299988,0.207376
784.500000,0.207334
785.799988,0.207310
787.000000,0.207457
788.299988,0.207272
789.500000,0.207352
790.799988,0.207370
792.000000,0.207375
793.299988,0.207324
794.500000,0.207428
795.799988,0.207351
797.000000,0.207250
798.200012,0.207258
799.500000,0.207539
800.700012,0.207452
801.900024,0.207420
803.200012,0.207707
804.400024,0.207625
805.599976,0.207549
806.799988,0.207392
808.099976,0.207607
809.299988,0.207405
810.500000,0.207375
811.700012,0.207535
812.900024,0.207259
814.200012,0.207281
815.400024,0.207335
816.599976,0.207285
817.799988,0.207301
819.000000,0.207351
820.200012,0.207351
821.400024,0.207258
822.599976,0.207292
823.799988,0.207413
825.099976,0.207247
826.299988,0.207188
827.500000,0.207368
828.700012,0.207274
829.900024,0.207299
831.000000,0.207223
832.200012,0.207197
833.400024,0.207039
834.599976,0.207036
835.799988,0.206983
837.000000,0.206991
838.200012,0.206980
839.400024,0.206991
840.599976,0.206946
841.700012,0.206860
842.900024,0.206808
844.099976,0.206944
845.299988,0.206903
846.500000,0.206792
847.599976,0.206834
848.799988,0.206696
850.000000,0.206696
851.099976,0.206755
852.299988,0.206617
853.500000,0.206569
854.700012,0.206686
855.799988,0.206563
857.000000,0.206471
858.099976,0.206486
859.299988,0.206479
860.500000,0.206521
861.599976,0.206579
862.799988,0.206685
863.900024,0.206619
865.099976,0.206535
866.200012,0.206588
867.400024,0.206563
868.500000,0.206369
869.700012,0.206387
870.799988,0.206344
871.900024,0.206248
873.099976,0.206248
874.200012,0.206234
875.400024,0.206249
876.500000,0.206172
877.599976,0.206054
878.799988,0.205984
879.900024,0.205901
881.000000,0.206090
882.200012,0.205989
883.299988,0.206069
884.400024,0.205815
885.500000,0.205825
886.599976,0.205841
887.799988,0.205868
888.900024,0.205792
890.000000,0.205785
891.099976,0.205716
892.200012,0.205549
893.299988,0.205715
894.400024,0.205679
895.599976,0.205562
896.700012,0.205693
897.799988,0.205501
898.900024,0.205627
900.000000,0.205466
901.099976,0.205410
902.200012,0.205315
903.299988,0.205389
904.400024,0.205500
905.400024,0.205273
906.500000,0.205246
907.599976,0.205315
908.700012,0.205208
909.799988,0.205013
910.900024,0.205026
912.000000,0.205057
913.000000,0.204875
914.099976,0.204918
915.200012,0.205039
916.299988,0.204790
917.299988,0.204848
918.400024,0.204915
919.500000,0.204858
920.599976,0.204881
921.599976,0.204804
922.700012,0.204863
923.700012,0.204616
924.799988,0.204706
925.900024,0.204793
926.900024,0.204777
928.000000,0.204694
929.000000,0.204776
930.099976,0.204977
931.099976,0.204667
932.200012,0.204802
933.200012,0.204843
934.299988,0.204942
935.299988,0.204840
936.299988,0.205018
937.400024,0.204974
938.400024,0.205021
939.400024,0.204916
940.500000,0.205072
941.500000,0.205138
942.500000,0.205019
943.500000,0.205216
944.599976,0.205087
945.599976,0.205160
946.599976,0.205375
947.599976,0.205248
948.599976,0.205223
949.700012,0.205280
950.700012,0.205269
951.700012,0.205314
952.700012,0.205103
953.700012,0.205341
954.700012,0.205280
955.700012,0.205256
956.700012,0.205139
957.700012,0.205107
958.700012,0.205169
959.700012,0.205560
960.599976,0.205575
961.000000,0.205488
961.599976,0.205358
962.599976,0.205415
963.599976,0.205470
964.599976,0.205692
965.000000,0.205509
965.500000,0.205280
966.500000,0.205638
967.500000,0.205648
968.500000,0.205436
969.000000,0.205487
969.400024,0.205528
970.400024,0.205564
971.299988,0.205533
972.299988,0.205553
972.900024,0.205509
973.299988,0.205479
974.200012,0.205793
975.200012,0.205576
976.099976,0.205956
976.900024,0.205915
977.099976,0.205905
978.000000,0.205385
978.900024,0.205588
979.900024,0.205221
980.799988,0.205266
980.900024,0.205264
981.799988,0.205237
982.700012,0.205084
983.599976,0.205212
984.500000,0.205588
984.799988,0.205518
985.500000,0.205354
986.400024,0.205201
987.299988,0.205195
988.200012,0.204880
988.799988,0.204718
989.099976,0.204636
990.000000,0.204856
990.900024,0.205002
991.799988,0.204763
992.700012,0.204661
992.700012,0.204661
993.599976,0.204004
994.500000,0.204656
995.400024,0.204214
996.299988,0.204446
996.700012,0.204326
997.200012,0.204306
998.099976,0.204511
998.900024,0.204558
999.799988,0.204610
1000.700012,0.204663
1000.700012,0.204663
1001.599976,0.204688
1002.400024,0.204710
1003.299988,0.204735
1004.099976,0.204757
1004.599976,0.204771
1008.599976,0.204703
1012.500000,0.204514
1016.500000,0.204529
1020.400024,0.204639
1024.400024,0.204387
1028.300049,0.204257
1032.199951,0.204341
1036.199951,0.204420
1040.099976,0.204341
1044.099976,0.204269
1048.000000,0.204302
1051.900024,0.204259
1055.900024,0.204217
1059.800049,0.204120
1063.699951,0.204211
1067.599976,0.204311
1071.599976,0.204215
1075.500000,0.204104
1079.400024,0.204113
1083.300049,0.204095
1087.199951,0.203990
1091.199951,0.203973
1095.099976,0.203898
1099.000000,0.203993
1102.900024,0.203997
1106.800049,0.203782
1110.699951,0.203728
1114.599976,0.203781
1118.500000,0.203676
1122.400024,0.203536
1126.300049,0.203507
1130.199951,0.203481
1134.099976,0.203184
1138.000000,0.202647
1141.900024,0.202532
1145.800049,0.202471
1149.699951,0.202068
1153.500000,0.201621
1157.400024,0.201188
1161.300049,0.200550
1165.199951,0.199741
1169.099976,0.199140
1172.900024,0.198666
1176.800049,0.198443
1180.699951,0.198047
1184.599976,0.197322
1188.400024,0.196840
1192.300049,0.196328
1196.199951,0.195816
1200.000000,0.195669
1203.900024,0.195726
1207.699951,0.195773
1211.599976,0.195807
1215.500000,0.196094
1219.300049,0.196875
1223.199951,0.197640
1227.000000,0.198387
1230.900024,0.199161
1234.699951,0.199665
1238.500000,0.200102
1242.400024,0.200372
1246.199951,0.200459
1250.099976,0.200674
1253.900024,0.200855
1257.699951,0.200796
1261.599976,0.200891
1265.400024,0.201077
1269.199951,0.201051
1273.000000,0.200998
1276.900024,0.201026
1280.699951,0.201125
1284.500000,0.201155
1288.300049,0.201136
1292.099976,0.201044
1295.900024,0.200918
1299.699951,0.200809
1303.599976,0.200764
1307.400024,0.200758
1311.199951,0.200649
1315.000000,0.200658
1318.800049,0.200734
1322.599976,0.200757
1326.400024,0.200735
1330.099976,0.200661
1333.900024,0.200441
1337.699951,0.200312
1341.500000,0.200383
1345.300049,0.200303
1349.099976,0.199973
1352.900024,0.199469
1356.599976,0.199078
1360.400024,0.198830
1364.199951,0.198451
1368.000000,0.197863
1371.699951,0.197325
1375.500000,0.196684
1379.300049,0.195877
1383.000000,0.195164
1386.800049,0.194566
1390.500000,0.194069
1394.300049,0.193728
1398.000000,0.193722
1401.800049,0.193770
1405.500000,0.193690
1409.300049,0.193435
1413.000000,0.193171
1416.800049,0.193073
1420.500000,0.193218
1424.199951,0.193354
1428.000000,0.193433
1431.699951,0.193867
1435.400024,0.194376
1439.199951,0.194565
1442.900024,0.194933
1446.599976,0.195376
1450.300049,0.195607
1454.099976,0.195826
1457.800049,0.196055
1461.500000,0.196245
1465.199951,0.196447
1468.900024,0.196492
1472.599976,0.196425
1476.300049,0.196530
1480.000000,0.196693
1483.699951,0.196912
1487.400024,0.196923
1491.099976,0.196879
1494.800049,0.196946
1498.500000,0.197019
1502.199951,0.197094
1505.900024,0.197249
1509.500000,0.197489
1513.199951,0.197445
1516.900024,0.197313
1520.599976,0.197289
1524.300049,0.197097
1527.900024,0.197000
1531.599976,0.197127
1535.300049,0.197090
1538.900024,0.197186
1542.599976,0.197293
1546.199951,0.197306
1549.900024,0.197540
1553.500000,0.197640
1557.199951,0.197544
1560.800049,0.197361
1564.500000,0.197274
1568.099976,0.197212
1571.800049,0.197204
1575.400024,0.197333
1579.000000,0.197213
1582.699951,0.197075
1586.300049,0.196984
1589.900024,0.196988
1593.599976,0.196841
1597.199951,0.196763
1600.800049,0.196693
1604.400024,0.196495
1608.000000,0.196552
1611.599976,0.196608
1615.300049,0.196589
1618.900024,0.196301
1622.500000,0.196099
1626.099976,0.196196
1629.699951,0.196066
1633.300049,0.195815
1636.900024,0.195715
1640.400024,0.195665
1644.000000,0.195367
1647.599976,0.195011
1651.199951,0.195024
1654.800049,0.194777
1658.400024,0.194225
1661.900024,0.193705
1665.500000,0.193193
1669.099976,0.192433
1672.599976,0.191471
1676.199951,0.190611
1679.800049,0.189387
1683.300049,0.187537
1686.900024,0.184442
1690.400024,0.180014
1694.000000,0.175130
1697.500000,0.169579
1701.099976,0.163168
1704.599976,0.156418
1708.199951,0.149441
1711.699951,0.143529
1715.199951,0.140344
1718.800049,0.140500
1722.300049,0.142872
1725.800049,0.145524
1729.300049,0.148094
1732.900024,0.150959
1736.400024,0.153500
1739.900024,0.155190
1743.400024,0.156412
1746.900024,0.157609
1750.400024,0.158271
1753.900024,0.158489
1757.400024,0.159353
1760.900024,0.160577
1764.400024,0.161772
1767.900024,0.163279
1771.400024,0.164855
1774.900024,0.166248
1778.400024,0.167380
1781.800049,0.168634
1785.300049,0.169885
1788.800049,0.170674
1792.300049,0.171445
1795.699951,0.172483
1799.199951,0.172989
1802.699951,0.173162
1806.099976,0.173893
1809.599976,0.174440
1813.000000,0.174532
1816.500000,0.174498
1819.900024,0.174518
1823.400024,0.174723
1826.800049,0.174568
1830.300049,0.174806
1833.699951,0.175201
1837.099976,0.175658
1840.599976,0.176450
1844.000000,0.176737
1847.400024,0.177201
1850.800049,0.177922
1854.199951,0.178194
1857.699951,0.178297
1861.099976,0.178870
1864.500000,0.179441
1867.300049,0.179574
1867.900024,0.179602
1870.199951,0.179568
1871.300049,0.179551
1873.000000,0.179069
1874.699951,0.178587
1875.800049,0.178325
1878.099976,0.177778
1878.599976,0.177711
1881.400024,0.177442
1881.500000,0.177440
1884.199951,0.177479
1884.900024,0.177443
1887.000000,0.177454
1888.300049,0.177745
1889.900024,0.178154
1891.699951,0.177927
1892.699951,0.177794
1895.000000,0.177155
1895.500000,0.177016
1898.300049,0.177257
1898.400024,0.177270
1901.099976,0.177634
1901.800049,0.177674
1903.900024,0.177796
1905.199951,0.178033
1906.599976,0.178289
1909.400024,0.177968
1912.199951,0.177802
1915.000000,0.178384
1917.800049,0.177997
1920.599976,0.177098
1923.300049,0.177213
1926.099976,0.177261
1928.900024,0.176788
1931.699951,0.176842
1934.400024,0.177081
1937.199951,0.177320
1939.900024,0.177633
1942.699951,0.177483
1945.500000,0.177207
1948.199951,0.177596
1951.000000,0.177689
1953.699951,0.177578
1956.500000,0.177797
1959.199951,0.178050
1961.900024,0.178434
1964.699951,0.178571
1967.400024,0.178598
1970.099976,0.179043
1972.900024,0.179661
1975.599976,0.179946
1978.300049,0.179953
1981.099976,0.180241
1983.800049,0.180423
1986.500000,0.180788
1989.199951,0.181158
1991.900024,0.181260
1994.599976,0.181563
1997.300049,0.181848
2000.000000,0.181940
2002.699951,0.182229
2005.400024,0.182635
2008.099976,0.182783
2010.800049,0.182928
2013.500000,0.183280
2016.199951,0.183377
2018.900024,0.183340
2021.599976,0.183909
2024.300049,0.184289
2027.000000,0.184523
2029.599976,0.184842
2032.300049,0.185124
2035.000000,0.185205
2037.699951,0.185274
2040.300049,0.185300
2043.000000,0.185511
2045.599976,0.185948
2048.300049,0.186086
2051.000000,0.186145
2053.600098,0.186269
2056.300049,0.186588
2058.899902,0.186918
2061.600098,0.187084
2064.199951,0.187502
2066.899902,0.187923
2069.500000,0.188182
2072.100098,0.188064
2074.800049,0.188180
2077.399902,0.189093
2080.000000,0.189211
2082.600098,0.189246
2085.300049,0.189351
2087.899902,0.189767
2090.500000,0.189666
2093.100098,0.189532
2095.699951,0.189946
2098.399902,0.190104
2101.000000,0.190019
2103.600098,0.190080
2106.199951,0.190225
2108.800049,0.190033
2111.399902,0.190328
2114.000000,0.190098
2116.600098,0.190156
2119.100098,0.190502
2121.699951,0.190334
2124.300049,0.190289
2126.899902,0.190233
2129.500000,0.190255
2132.100098,0.190183
2134.600098,0.189554
2137.199951,0.189171
2139.800049,0.189006
2142.300049,0.188840
2144.899902,0.188612
2147.500000,0.188543
2150.000000,0.188492
2152.600098,0.188419
2155.100098,0.188822
2157.699951,0.188213
2160.199951,0.187263
2162.800049,0.187206
2165.300049,0.186826
2167.899902,0.186053
2170.399902,0.185681
2173.000000,0.185106
2175.500000,0.184464
2178.000000,0.184359
2180.500000,0.183911
2183.100098,0.183219
2185.600098,0.182840
2188.100098,0.182454
2190.600098,0.181685
2193.199951,0.180716
2195.699951,0.179915
2198.199951,0.179412
2200.699951,0.178852
2203.199951,0.178365
2205.699951,0.177082
2208.199951,0.175943
2210.699951,0.175603
2213.199951,0.175006
2215.699951,0.173989
2218.199951,0.172870
2220.699951,0.171617
2223.100098,0.170301
2225.600098,0.168256
2228.100098,0.166636
2230.600098,0.165163
2233.100098,0.163137
2235.500000,0.160931
2238.000000,0.158808
2240.500000,0.156582
2242.899902,0.154282
2245.399902,0.151632
2247.899902,0.148685
2250.300049,0.145887
2252.800049,0.143261
2255.199951,0.140790
2257.699951,0.138161
2260.100098,0.135707
2262.600098,0.133134
2265.000000,0.130402
2267.399902,0.127109
2269.899902,0.123257
2272.300049,0.118961
2274.699951,0.114815
2277.199951,0.110944
2279.600098,0.106352
2282.000000,0.102393
2284.399902,0.097958
2286.800049,0.092927
2289.300049,0.088888
2291.699951,0.085039
2294.100098,0.080797
2296.500000,0.077195
2298.899902,0.073565
2301.300049,0.069701
2303.699951,0.066167
2306.100098,0.062024
2308.500000,0.059417
2310.899902,0.058951
2313.300049,0.059528
2315.699951,0.063196
2318.000000,0.068626
2320.399902,0.072757
2322.800049,0.076157
2325.199951,0.078486
2327.600098,0.079948
2329.899902,0.080447
2332.300049,0.080491
2334.699951,0.080595
2337.000000,0.080505
2339.399902,0.081014
2341.699951,0.080600
2344.100098,0.079007
2346.399902,0.077546
2348.800049,0.075171
2351.100098,0.073547
2353.500000,0.073452
2355.800049,0.073603
2358.199951,0.074638
2360.500000,0.075021
2362.800049,0.074178
2365.199951,0.074628
2367.500000,0.074488
2369.800049,0.073486
2372.199951,0.074050
2374.500000,0.074836
2376.800049,0.074722
2379.100098,0.074391
2381.399902,0.075896
2383.699951,0.078641
2386.000000,0.078781
2388.300049,0.078925
2390.699951,0.079196
2393.000000,0.078869
2395.199951,0.078531
2397.500000,0.077614
2399.800049,0.078388
2402.100098,0.079334
2404.399902,0.079715
2406.699951,0.081091
2409.000000,0.081955
2411.300049,0.083048
2413.500000,0.085807
2415.800049,0.087260
2418.100098,0.088311
2420.399902,0.090123
2422.600098,0.089922
2424.899902,0.089556
2427.100098,0.091381
2429.399902,0.093006
2431.699951,0.091736
2433.899902,0.091401
2436.199951,0.092584
2438.399902,0.092561
2440.699951,0.092956
2442.899902,0.094719
2445.100098,0.094606
2447.399902,0.094014
2449.600098,0.095144
2451.800049,0.094606
2454.100098,0.094481
2456.300049,0.094797
2458.500000,0.094022
2460.699951,0.095736
2463.000000,0.099085
2465.199951,0.101585
2467.399902,0.102542
2469.600098,0.102103
2471.800049,0.104052
2474.000000,0.105455
2476.199951,0.104693
2478.399902,0.103463
2480.600098,0.104227
2482.800049,0.107934
2485.000000,0.107372
2487.199951,0.105690
2489.399902,0.108592
2491.600098,0.110048
2493.800049,0.108147
2495.899902,0.110265
2498.100098,0.111022
2500.300049,0.109348
2502.500000,0.111535
2504.600098,0.116872
