344.200012,0.367868
345.799988,0.372602
347.399994,0.366336
348.899994,0.351442
350.500000,0.331814
352.100006,0.310416
353.700012,0.303344
355.299988,0.297280
356.899994,0.301652
358.500000,0.314992
360.100006,0.306994
361.600006,0.309770
363.200012,0.292382
364.799988,0.277702
366.399994,0.261928
368.000000,0.229082
369.500000,0.211382
371.100006,0.196282
372.700012,0.190792
374.200012,0.186742
375.799988,0.186420
377.399994,0.192906
378.899994,0.195806
380.500000,0.198498
382.100006,0.191636
383.600006,0.185890
385.200012,0.178324
386.700012,0.167536
388.299988,0.159716
389.899994,0.153010
391.399994,0.147038
393.000000,0.143294
394.500000,0.145870
396.100006,0.151016
397.600006,0.158192
399.200012,0.167794
400.700012,0.156316
402.200012,0.137394
403.799988,0.123124
405.299988,0.115998
406.899994,0.109650
408.399994,0.103606
409.899994,0.099926
411.500000,0.096462
413.000000,0.095282
414.600006,0.093532
416.100006,0.093186
417.600006,0.092804
419.200012,0.092864
420.700012,0.091238
422.200012,0.091124
423.700012,0.089378
425.299988,0.085056
426.799988,0.079820
428.299988,0.075366
429.799988,0.072388
431.399994,0.069980
432.899994,0.068060
434.399994,0.067016
435.899994,0.066270
437.500000,0.065700
439.000000,0.065842
440.500000,0.065820
442.000000,0.064730
443.500000,0.064648
445.000000,0.063922
446.600006,0.062576
448.100006,0.061462
449.600006,0.060348
451.100006,0.059546
452.600006,0.059744
454.100006,0.057776
455.600006,0.056142
457.100006,0.054534
458.600006,0.053856
460.100006,0.053780
461.600006,0.053608
463.100006,0.053306
464.600006,0.053414
466.100006,0.053514
467.600006,0.053500
469.100006,0.052924
470.600006,0.053168
472.100006,0.052770
473.600006,0.053150
475.100006,0.053072
476.600006,0.052762
478.100006,0.051626
479.600006,0.050208
481.100006,0.049326
482.600006,0.048628
484.100006,0.048336
485.600006,0.048218
487.100006,0.048242
488.600006,0.048240
490.100006,0.048230
491.600006,0.048562
493.000000,0.048548
494.500000,0.048484
496.000000,0.048468
497.500000,0.048388
499.000000,0.048270
500.500000,0.048094
501.899994,0.047806
503.399994,0.047444
504.899994,0.047274
506.399994,0.046574
507.899994,0.046458
509.299988,0.046270
510.799988,0.046036
512.299988,0.046018
513.799988,0.046036
515.200012,0.045786
516.700012,0.045754
518.200012,0.045794
519.700012,0.046006
521.099976,0.046244
522.599976,0.046244
524.099976,0.046546
525.500000,0.046726
527.000000,0.046864
528.500000,0.046746
529.900024,0.046928
531.400024,0.046768
532.900024,0.046534
534.299988,0.046368
535.799988,0.046036
537.299988,0.045814
538.700012,0.045446
540.200012,0.045170
541.599976,0.045112
543.099976,0.045002
544.599976,0.044898
546.000000,0.044596
547.500000,0.044366
548.900024,0.044164
550.400024,0.044120
551.799988,0.044150
553.299988,0.044362
554.700012,0.044750
556.200012,0.045140
557.599976,0.045534
559.099976,0.046122
560.500000,0.046768
562.000000,0.047484
563.400024,0.048292
564.900024,0.049130
566.299988,0.050262
567.799988,0.051050
569.200012,0.052172
570.700012,0.053554
572.099976,0.054880
573.500000,0.056558
575.000000,0.058372
576.400024,0.060750
577.900024,0.063958
579.299988,0.068312
580.700012,0.074604
582.200012,0.083262
583.599976,0.094918
585.000000,0.109652
586.500000,0.127398
587.900024,0.148022
589.299988,0.171256
590.700012,0.196898
592.200012,0.224576
593.599976,0.254160
595.000000,0.284684
596.500000,0.315804
597.900024,0.346800
599.299988,0.377208
600.700012,0.406494
602.099976,0.434560
603.599976,0.461150
605.000000,0.486030
606.400024,0.509354
607.799988,0.530998
609.200012,0.551444
610.700012,0.570604
612.099976,0.588530
613.500000,0.605558
614.900024,0.621502
616.299988,0.636904
617.700012,0.651360
619.099976,0.664978
620.500000,0.678102
621.900024,0.690476
623.299988,0.702018
624.700012,0.712780
626.099976,0.722940
627.599976,0.732622
629.000000,0.741282
630.400024,0.749596
631.799988,0.756832
633.200012,0.763510
634.599976,0.769980
635.900024,0.775266
637.299988,0.780254
638.700012,0.784872
640.099976,0.788606
641.500000,0.792162
642.900024,0.795316
644.299988,0.798474
645.700012,0.800976
647.099976,0.803256
648.500000,0.805216
649.799988,0.807212
651.200012,0.808794
652.599976,0.810436
654.000000,0.811642
655.400024,0.813128
656.799988,0.814002
658.099976,0.815134
659.500000,0.816234
660.900024,0.816700
662.299988,0.817930
663.599976,0.818694
665.000000,0.819368
666.400024,0.820094
667.799988,0.820728
669.099976,0.821280
670.500000,0.821992
671.900024,0.822624
673.200012,0.823154
674.599976,0.823982
675.900024,0.824752
677.299988,0.825386
678.700012,0.826228
680.000000,0.827020
681.400024,0.827724
682.700012,0.828570
684.099976,0.829196
685.500000,0.830048
686.799988,0.830846
688.200012,0.831590
689.500000,0.832050
690.900024,0.832620
692.200012,0.833230
693.599976,0.834154
694.900024,0.834558
696.200012,0.835364
697.599976,0.835924
698.900024,0.836482
700.299988,0.837284
701.599976,0.837944
702.900024,0.838580
704.299988,0.838842
705.599976,0.839474
707.000000,0.840118
708.299988,0.840590
709.599976,0.841012
711.000000,0.841160
712.299988,0.841928
713.599976,0.842470
714.900024,0.843108
716.299988,0.843652
717.599976,0.844262
718.900024,0.844608
720.200012,0.845538
721.500000,0.845878
722.900024,0.846532
724.200012,0.846944
725.500000,0.847844
726.799988,0.847886
728.099976,0.848208
729.400024,0.848656
730.700012,0.849060
732.099976,0.849492
733.400024,0.849984
734.700012,0.850446
736.000000,0.850710
737.299988,0.850920
738.599976,0.851436
739.900024,0.851548
741.200012,0.851966
742.500000,0.852316
743.799988,0.852132
745.099976,0.852466
746.400024,0.853004
747.700012,0.853334
749.000000,0.853554
750.200012,0.853716
751.500000,0.854544
752.799988,0.854526
754.099976,0.855082
755.400024,0.855070
756.700012,0.854888
758.000000,0.855128
759.200012,0.855638
760.500000,0.855762
761.799988,0.855938
763.099976,0.856176
764.299988,0.856726
765.599976,0.856812
766.900024,0.857144
768.200012,0.857284
769.400024,0.857554
770.700012,0.857730
772.000000,0.858020
773.200012,0.857814
774.500000,0.858154
775.799988,0.858126
777.000000,0.858444
778.299988,0.858288
779.500000,0.858628
780.799988,0.858760
782.000000,0.858580
783.299988,0.858796
784.500000,0.859378
785.799988,0.859584
787.000000,0.859504
788.299988,0.859880
789.500000,0.860016
790.799988,0.859800
792.000000,0.860136
793.299988,0.860272
794.500000,0.860422
795.799988,0.861074
797.000000,0.861118
798.200012,0.860904
799.500000,0.860070
800.700012,0.859844
801.900024,0.859884
803.200012,0.859992
804.400024,0.860174
805.599976,0.860386
806.799988,0.860364
808.099976,0.860092
809.299988,0.860562
810.500000,0.860402
811.700012,0.860246
812.900024,0.860058
814.200012,0.860076
815.400024,0.860214
816.599976,0.859764
817.799988,0.860222
819.000000,0.859806
820.200012,0.859974
821.400024,0.860292
822.599976,0.860112
823.799988,0.859990
825.099976,0.859756
826.299988,0.860074
827.500000,0.859710
828.700012,0.859366
829.900024,0.858936
831.000000,0.859186
832.200012,0.859042
833.400024,0.858702
834.599976,0.858936
835.799988,0.858558
837.000000,0.858452
838.200012,0.858682
839.400024,0.858408
840.599976,0.858500
841.700012,0.858512
842.900024,0.858348
844.099976,0.857900
845.299988,0.858304
846.500000,0.858220
847.599976,0.858062
848.799988,0.858114
850.000000,0.858440
851.099976,0.858612
852.299988,0.858248
853.500000,0.858128
854.700012,0.858670
855.799988,0.858432
857.000000,0.858504
858.099976,0.858572
859.299988,0.858324
860.500000,0.858284
861.599976,0.858188
862.799988,0.857416
863.900024,0.857440
865.099976,0.857416
866.200012,0.857606
867.400024,0.857236
868.500000,0.857542
869.700012,0.856622
870.799988,0.857262
871.900024,0.857452
873.099976,0.856682
874.200012,0.856228
875.400024,0.856124
876.500000,0.855950
877.599976,0.855906
878.799988,0.855074
879.900024,0.854976
881.000000,0.854686
882.200012,0.853850
883.299988,0.853882
884.400024,0.853194
885.500000,0.852162
886.599976,0.852050
887.799988,0.851056
888.900024,0.850200
890.000000,0.849102
891.099976,0.848758
892.200012,0.847562
893.299988,0.846832
894.400024,0.845938
895.599976,0.845192
896.700012,0.843886
897.799988,0.843382
898.900024,0.842850
900.000000,0.842750
901.099976,0.841892
902.200012,0.842236
903.299988,0.842050
904.400024,0.841256
905.400024,0.840992
906.500000,0.840850
907.599976,0.839674
908.700012,0.838802
909.799988,0.838116
910.900024,0.838172
912.000000,0.837716
913.000000,0.837574
914.099976,0.836698
915.200012,0.836830
916.299988,0.836300
917.299988,0.836560
918.400024,0.836972
919.500000,0.837312
920.599976,0.838432
921.599976,0.838744
922.700012,0.839606
923.700012,0.841192
924.799988,0.841314
925.900024,0.842130
926.900024,0.843024
928.000000,0.844396
929.000000,0.845332
930.099976,0.846114
931.099976,0.846960
932.200012,0.847200
933.200012,0.847032
934.299988,0.848784
935.299988,0.848540
936.299988,0.848864
937.400024,0.849814
938.400024,0.849914
939.400024,0.849696
940.500000,0.851276
941.500000,0.851266
942.500000,0.851860
943.500000,0.851424
944.599976,0.852652
945.599976,0.852666
946.599976,0.851738
947.599976,0.852440
948.599976,0.852652
949.700012,0.852522
950.700012,0.853094
951.700012,0.853718
952.700012,0.852434
953.700012,0.853020
954.700012,0.853578
955.700012,0.853668
956.700012,0.853744
957.700012,0.853978
958.700012,0.853356
959.700012,0.853286
960.599976,0.853158
961.000000,0.852952
961.599976,0.852636
962.599976,0.852848
963.599976,0.853750
964.599976,0.853484
965.000000,0.853604
965.500000,0.853756
966.500000,0.852962
967.500000,0.853034
968.500000,0.852336
969.000000,0.852818
969.400024,0.853206
970.400024,0.853684
971.299988,0.853392
972.299988,0.852808
972.900024,0.853356
973.299988,0.853722
974.200012,0.853098
975.200012,0.853208
976.099976,0.852686
976.900024,0.851724
977.099976,0.851482
978.000000,0.853138
978.900024,0.853684
979.900024,0.852860
980.799988,0.851966
980.900024,0.851934
981.799988,0.851670
982.700012,0.851678
983.599976,0.853692
984.500000,0.852954
984.799988,0.852686
985.500000,0.852058
986.400024,0.853522
987.299988,0.852832
988.200012,0.853496
988.799988,0.854704
989.099976,0.855306
990.000000,0.852510
990.900024,0.851514
991.799988,0.852048
992.700012,0.855854
992.700012,0.855854
993.599976,0.852114
994.500000,0.853570
995.400024,0.854292
996.299988,0.854060
996.700012,0.854140
997.200012,0.854184
998.099976,0.854426
998.900024,0.854710
999.799988,0.855032
1000.700012,0.855350
1000.700012,0.855350
1001.599976,0.855322
1002.400024,0.855298
1003.299988,0.855268
1004.099976,0.855242
1004.599976,0.855228
1008.599976,0.855178
1012.500000,0.854938
1016.500000,0.853654
1020.400024,0.852312
1024.400024,0.851236
1028.300049,0.850578
1032.199951,0.850730
1036.199951,0.851172
1040.099976,0.851904
1044.099976,0.852780
1048.000000,0.853332
1051.900024,0.853932
1055.900024,0.854820
1059.800049,0.855592
1063.699951,0.855848
1067.599976,0.856094
1071.599976,0.856606
1075.500000,0.857240
1079.400024,0.857480
1083.300049,0.857524
1087.199951,0.857618
1091.199951,0.857930
1095.099976,0.858322
1099.000000,0.858168
1102.900024,0.858060
1106.800049,0.857980
1110.699951,0.857480
1114.599976,0.856488
1118.500000,0.855336
1122.400024,0.853604
1126.300049,0.850890
1130.199951,0.847324
1134.099976,0.842772
1138.000000,0.837286
1141.900024,0.830716
1145.800049,0.823598
1149.699951,0.815698
1153.500000,0.804798
1157.400024,0.789292
1161.300049,0.770924
1165.199951,0.753274
1169.099976,0.739976
1172.900024,0.732806
1176.800049,0.730100
1180.699951,0.728258
1184.599976,0.724664
1188.400024,0.719258
1192.300049,0.714286
1196.199951,0.712614
1200.000000,0.715754
1203.900024,0.723326
1207.699951,0.734210
1211.599976,0.747052
1215.500000,0.760428
1219.300049,0.773298
1223.199951,0.785402
1227.000000,0.796426
1230.900024,0.805406
1234.699951,0.812732
1238.500000,0.818742
1242.400024,0.823578
1246.199951,0.827170
1250.099976,0.830176
1253.900024,0.832806
1257.699951,0.835286
1261.599976,0.837296
1265.400024,0.838510
1269.199951,0.839860
1273.000000,0.841014
1276.900024,0.841762
1280.699951,0.842702
1284.500000,0.843422
1288.300049,0.844296
1292.099976,0.845206
1295.900024,0.845782
1299.699951,0.846382
1303.599976,0.846742
1307.400024,0.847036
1311.199951,0.847414
1315.000000,0.847518
1318.800049,0.847822
1322.599976,0.847922
1326.400024,0.847472
1330.099976,0.846908
1333.900024,0.845550
1337.699951,0.843424
1341.500000,0.840754
1345.300049,0.837558
1349.099976,0.834424
1352.900024,0.831202
1356.599976,0.827170
1360.400024,0.821636
1364.199951,0.814014
1368.000000,0.803302
1371.699951,0.790084
1375.500000,0.776152
1379.300049,0.762556
1383.000000,0.751396
1386.800049,0.743978
1390.500000,0.739540
1394.300049,0.735738
1398.000000,0.731416
1401.800049,0.728144
1405.500000,0.726740
1409.300049,0.725408
1413.000000,0.723382
1416.800049,0.721876
1420.500000,0.721300
1424.199951,0.721592
1428.000000,0.724462
1431.699951,0.731536
1435.400024,0.741122
1439.199951,0.750604
1442.900024,0.758496
1446.599976,0.764702
1450.300049,0.770342
1454.099976,0.775748
1457.800049,0.780428
1461.500000,0.783636
1465.199951,0.785758
1468.900024,0.788140
1472.599976,0.790682
1476.300049,0.793570
1480.000000,0.796366
1483.699951,0.798376
1487.400024,0.800474
1491.099976,0.802574
1494.800049,0.804264
1498.500000,0.806040
1502.199951,0.807962
1505.900024,0.808896
1509.500000,0.809182
1513.199951,0.809478
1516.900024,0.809334
1520.599976,0.808926
1524.300049,0.808734
1527.900024,0.808728
1531.599976,0.809410
1535.300049,0.810342
1538.900024,0.810808
1542.599976,0.811118
1546.199951,0.811972
1549.900024,0.813268
1553.500000,0.814158
1557.199951,0.814580
1560.800049,0.814752
1564.500000,0.814394
1568.099976,0.813386
1571.800049,0.812474
1575.400024,0.811968
1579.000000,0.811338
1582.699951,0.811126
1586.300049,0.811090
1589.900024,0.810754
1593.599976,0.810542
1597.199951,0.810306
1600.800049,0.809694
1604.400024,0.808772
1608.000000,0.807398
1611.599976,0.805974
1615.300049,0.805140
1618.900024,0.804080
1622.500000,0.802620
1626.099976,0.800742
1629.699951,0.798456
1633.300049,0.796388
1636.900024,0.794486
1640.400024,0.792604
1644.000000,0.790118
1647.599976,0.786098
1651.199951,0.779884
1654.800049,0.770846
1658.400024,0.759228
1661.900024,0.747020
1665.500000,0.735886
1669.099976,0.725702
1672.599976,0.715044
1676.199951,0.702512
1679.800049,0.688268
1683.300049,0.671998
1686.900024,0.649778
1690.400024,0.619150
1694.000000,0.581140
1697.500000,0.541608
1701.099976,0.505932
1704.599976,0.472860
1708.199951,0.440550
1711.699951,0.412296
1715.199951,0.395980
1718.800049,0.396832
1722.300049,0.412302
1725.800049,0.434148
1729.300049,0.454896
1732.900024,0.469368
1736.400024,0.474744
1739.900024,0.472640
1743.400024,0.469238
1746.900024,0.469044
1750.400024,0.471546
1753.900024,0.476302
1757.400024,0.485180
1760.900024,0.497430
1764.400024,0.508328
1767.900024,0.515676
1771.400024,0.520918
1774.900024,0.525796
1778.400024,0.530296
1781.800049,0.534950
1785.300049,0.541018
1788.800049,0.548440
1792.300049,0.556214
1795.699951,0.563880
1799.199951,0.570662
1802.699951,0.575906
1806.099976,0.579822
1809.599976,0.582906
1813.000000,0.584890
1816.500000,0.585120
1819.900024,0.584182
1823.400024,0.582414
1826.800049,0.581064
1830.300049,0.581256
1833.699951,0.583298
1837.099976,0.586702
1840.599976,0.590466
1844.000000,0.594086
1847.400024,0.596478
1850.800049,0.598136
1854.199951,0.600028
1857.699951,0.602206
1861.099976,0.606024
1864.500000,0.612258
1867.300049,0.618390
1867.900024,0.619704
1870.199951,0.624842
1871.300049,0.627302
1873.000000,0.631204
1874.699951,0.635106
1875.800049,0.637116
1878.099976,0.641312
1878.599976,0.642006
1881.400024,0.645644
1881.500000,0.645772
1884.199951,0.649360
1884.900024,0.650118
1887.000000,0.651804
1888.300049,0.652022
1889.900024,0.652032
1891.699951,0.650182
1892.699951,0.649156
1895.000000,0.646704
1895.500000,0.646170
1898.300049,0.644112
1898.400024,0.643964
1901.099976,0.639952
1901.800049,0.639978
1903.900024,0.640046
1905.199951,0.642944
1906.599976,0.646058
1909.400024,0.653674
1912.199951,0.660172
1915.000000,0.665798
1917.800049,0.670340
1920.599976,0.672224
1923.300049,0.673434
1926.099976,0.674640
1928.900024,0.675780
1931.699951,0.676384
1934.400024,0.676128
1937.199951,0.675092
1939.900024,0.674590
1942.699951,0.673900
1945.500000,0.673772
1948.199951,0.674004
1951.000000,0.674218
1953.699951,0.675876
1956.500000,0.677230
1959.199951,0.678038
1961.900024,0.678630
1964.699951,0.678952
1967.400024,0.680266
1970.099976,0.681916
1972.900024,0.682328
1975.599976,0.681564
1978.300049,0.682870
1981.099976,0.684956
1983.800049,0.685528
1986.500000,0.685374
1989.199951,0.685368
1991.900024,0.685746
1994.599976,0.685742
1997.300049,0.685824
2000.000000,0.685674
2002.699951,0.684852
2005.400024,0.684084
2008.099976,0.684066
2010.800049,0.684048
2013.500000,0.683870
2016.199951,0.683986
2018.900024,0.684644
2021.599976,0.684516
2024.300049,0.684492
2027.000000,0.685704
2029.599976,0.686862
2032.300049,0.686742
2035.000000,0.686410
2037.699951,0.687140
2040.300049,0.688340
2043.000000,0.688606
2045.599976,0.688454
2048.300049,0.688284
2051.000000,0.688130
2053.600098,0.687592
2056.300049,0.687182
2058.899902,0.686746
2061.600098,0.687040
2064.199951,0.687894
2066.899902,0.688534
2069.500000,0.690514
2072.100098,0.690854
2074.800049,0.692226
2077.399902,0.694234
2080.000000,0.693978
2082.600098,0.694672
2085.300049,0.695106
2087.899902,0.694862
2090.500000,0.694180
2093.100098,0.692756
2095.699951,0.692806
2098.399902,0.692514
2101.000000,0.691254
2103.600098,0.691020
2106.199951,0.690048
2108.800049,0.688440
2111.399902,0.685948
2114.000000,0.684196
2116.600098,0.683590
2119.100098,0.682224
2121.699951,0.681860
2124.300049,0.681406
2126.899902,0.680680
2129.500000,0.678244
2132.100098,0.674492
2134.600098,0.672210
2137.199951,0.669172
2139.800049,0.666326
2142.300049,0.664882
2144.899902,0.663792
2147.500000,0.663026
2150.000000,0.664232
2152.600098,0.666160
2155.100098,0.666736
2157.699951,0.665890
2160.199951,0.665964
2162.800049,0.666874
2165.300049,0.665702
2167.899902,0.664084
2170.399902,0.664188
2173.000000,0.663412
2175.500000,0.661524
2178.000000,0.660640
2180.500000,0.659666
2183.100098,0.658008
2185.600098,0.656480
2188.100098,0.653972
2190.600098,0.651162
2193.199951,0.649478
2195.699951,0.646110
2198.199951,0.642110
2200.699951,0.639390
2203.199951,0.636250
2205.699951,0.632244
2208.199951,0.628728
2210.699951,0.623038
2213.199951,0.618006
2215.699951,0.612412
2218.199951,0.605710
2220.699951,0.598302
2223.100098,0.589996
2225.600098,0.580536
2228.100098,0.569476
2230.600098,0.559938
2233.100098,0.549706
2235.500000,0.539116
2238.000000,0.527870
2240.500000,0.516960
2242.899902,0.505154
2245.399902,0.492750
2247.899902,0.481082
2250.300049,0.469622
2252.800049,0.459636
2255.199951,0.450238
2257.699951,0.442216
2260.100098,0.438186
2262.600098,0.435106
2265.000000,0.430496
2267.399902,0.424960
2269.899902,0.418186
2272.300049,0.407814
2274.699951,0.395610
2277.199951,0.383236
2279.600098,0.369590
2282.000000,0.354454
2284.399902,0.337174
2286.800049,0.320508
2289.300049,0.305904
2291.699951,0.292386
2294.100098,0.280526
2296.500000,0.271190
2298.899902,0.264582
2301.300049,0.259204
2303.699951,0.253476
2306.100098,0.246836
2308.500000,0.242642
2310.899902,0.240916
2313.300049,0.242848
2315.699951,0.251350
2318.000000,0.260680
2320.399902,0.270520
2322.800049,0.280006
2325.199951,0.285556
2327.600098,0.287130
2329.899902,0.287756
2332.300049,0.288794
2334.699951,0.289656
2337.000000,0.291142
2339.399902,0.295056
2341.699951,0.298698
2344.100098,0.301988
2346.399902,0.303542
2348.800049,0.301574
2351.100098,0.297130
2353.500000,0.292798
2355.800049,0.290604
2358.199951,0.287614
2360.500000,0.284774
2362.800049,0.281688
2365.199951,0.279128
2367.500000,0.279934
2369.800049,0.277928
2372.199951,0.274376
2374.500000,0.273812
2376.800049,0.276530
2379.100098,0.282094
2381.399902,0.287040
2383.699951,0.289926
2386.000000,0.293158
2388.300049,0.297790
2390.699951,0.299080
2393.000000,0.297674
2395.199951,0.298998
2397.500000,0.296796
2399.800049,0.294986
2402.100098,0.299074
2404.399902,0.301288
2406.699951,0.302954
2409.000000,0.305192
2411.300049,0.309456
2413.500000,0.314828
2415.800049,0.319260
2418.100098,0.327950
2420.399902,0.335386
2422.600098,0.337950
2424.899902,0.343846
2427.100098,0.347410
2429.399902,0.347318
2431.699951,0.345312
2433.899902,0.343412
2436.199951,0.344934
2438.399902,0.346568
2440.699951,0.346858
2442.899902,0.348304
2445.100098,0.347878
2447.399902,0.347576
2449.600098,0.347246
2451.800049,0.347694
2454.100098,0.348708
2456.300049,0.349336
2458.500000,0.354104
2460.699951,0.355726
2463.000000,0.359916
2465.199951,0.361314
2467.399902,0.362274
2469.600098,0.368460
2471.800049,0.369138
2474.000000,0.368012
2476.199951,0.371978
2478.399902,0.373004
2480.600098,0.376362
2482.800049,0.377254
2485.000000,0.372168
2487.199951,0.371348
2489.399902,0.374524
2491.600098,0.381430
2493.800049,0.382402
2495.899902,0.385426
2498.100098,0.384712
2500.300049,0.388602
2502.500000,0.398432
2504.600098,0.399422
