344.200012,0.059070
345.799988,0.057586
347.399994,0.058476
348.899994,0.058179
350.500000,0.056954
352.100006,0.057589
353.700012,0.058964
355.299988,0.057745
356.899994,0.059238
358.500000,0.058987
360.100006,0.060200
361.600006,0.059735
363.200012,0.058872
364.799988,0.058734
366.399994,0.060631
368.000000,0.060279
369.500000,0.060431
371.100006,0.060851
372.700012,0.060837
374.200012,0.060640
375.799988,0.060451
377.399994,0.060818
378.899994,0.060676
380.500000,0.061507
382.100006,0.060394
383.600006,0.061248
385.200012,0.060960
386.700012,0.060932
388.299988,0.060359
389.899994,0.061141
391.399994,0.061025
393.000000,0.061062
394.500000,0.060977
396.100006,0.060495
397.600006,0.060969
399.200012,0.061007
400.700012,0.059392
402.200012,0.059915
403.799988,0.059863
405.299988,0.059855
406.899994,0.060011
408.399994,0.059928
409.899994,0.059734
411.500000,0.059886
413.000000,0.059571
414.600006,0.059581
416.100006,0.059531
417.600006,0.059376
419.200012,0.059255
420.700012,0.059142
422.200012,0.059145
423.700012,0.059169
425.299988,0.058963
426.799988,0.058525
428.299988,0.058406
429.799988,0.058591
431.399994,0.058421
432.899994,0.058282
434.399994,0.058242
435.899994,0.058049
437.500000,0.058044
439.000000,0.057783
440.500000,0.057675
442.000000,0.057801
443.500000,0.057554
445.000000,0.057483
446.600006,0.057239
448.100006,0.057273
449.600006,0.057272
451.100006,0.057141
452.600006,0.057087
454.100006,0.056966
455.600006,0.056766
457.100006,0.056593
458.600006,0.056471
460.100006,0.056425
461.600006,0.056512
463.100006,0.056414
464.600006,0.056381
466.100006,0.056320
467.600006,0.056293
469.100006,0.056157
470.600006,0.056080
472.100006,0.056046
473.600006,0.056040
475.100006,0.055820
476.600006,0.055777
478.100006,0.055608
479.600006,0.055490
481.100006,0.055330
482.600006,0.055269
484.100006,0.055167
485.600006,0.055216
487.100006,0.055176
488.600006,0.055120
490.100006,0.055076
491.600006,0.055017
493.000000,0.054901
494.500000,0.054802
496.000000,0.054778
497.500000,0.054652
499.000000,0.054575
500.500000,0.054528
501.899994,0.054431
503.399994,0.054301
504.899994,0.054271
506.399994,0.054173
507.899994,0.054111
509.299988,0.054023
510.799988,0.054003
512.299988,0.053948
513.799988,0.053871
515.200012,0.053783
516.700012,0.053721
518.200012,0.053676
519.700012,0.053600
521.099976,0.053574
522.599976,0.053537
524.099976,0.053500
525.500000,0.053431
527.000000,0.053392
528.500000,0.053354
529.900024,0.053281
531.400024,0.053250
532.900024,0.053184
534.299988,0.053121
535.799988,0.053086
537.299988,0.053061
538.700012,0.053004
540.200012,0.052956
541.599976,0.052988
543.099976,0.052935
544.599976,0.052869
546.000000,0.052797
547.500000,0.052677
548.900024,0.052629
550.400024,0.052582
551.799988,0.052578
553.299988,0.052570
554.700012,0.052551
556.200012,0.052552
557.599976,0.052528
559.099976,0.052509
560.500000,0.052484
562.000000,0.052437
563.400024,0.052450
564.900024,0.052380
566.299988,0.052371
567.799988,0.052343
569.200012,0.052278
570.700012,0.052273
572.099976,0.052231
573.500000,0.052250
575.000000,0.052213
576.400024,0.052208
577.900024,0.052183
579.299988,0.052178
580.700012,0.052153
582.200012,0.052131
583.599976,0.052119
585.000000,0.052101
586.500000,0.052075
587.900024,0.052092
589.299988,0.052074
590.700012,0.052067
592.200012,0.052067
593.599976,0.052034
595.000000,0.051995
596.500000,0.052001
597.900024,0.051939
599.299988,0.051954
600.700012,0.051929
602.099976,0.051949
603.599976,0.051908
605.000000,0.051883
606.400024,0.051885
607.799988,0.051896
609.200012,0.051885
610.700012,0.051853
612.099976,0.051834
613.500000,0.051811
614.900024,0.051774
616.299988,0.051774
617.700012,0.051761
619.099976,0.051726
620.500000,0.051742
621.900024,0.051723
623.299988,0.051722
624.700012,0.051683
626.099976,0.051704
627.599976,0.051683
629.000000,0.051638
630.400024,0.051649
631.799988,0.051653
633.200012,0.051628
634.599976,0.051653
635.900024,0.051621
637.299988,0.051623
638.700012,0.051632
640.099976,0.051604
641.500000,0.051587
642.900024,0.051549
644.299988,0.051533
645.700012,0.051537
647.099976,0.051479
648.500000,0.051502
649.799988,0.051495
651.200012,0.051496
652.599976,0.051496
654.000000,0.051468
655.400024,0.051495
656.799988,0.051456
658.099976,0.051434
659.500000,0.051474
660.900024,0.051404
662.299988,0.051406
663.599976,0.051395
665.000000,0.051395
666.400024,0.051389
667.799988,0.051359
669.099976,0.051360
670.500000,0.051331
671.900024,0.051333
673.200012,0.051331
674.599976,0.051287
675.900024,0.051305
677.299988,0.051285
678.700012,0.051297
680.000000,0.051277
681.400024,0.051263
682.700012,0.051269
684.099976,0.051266
685.500000,0.051237
686.799988,0.051260
688.200012,0.051227
689.500000,0.051235
690.900024,0.051239
692.200012,0.051258
693.599976,0.051277
694.900024,0.051246
696.200012,0.051257
697.599976,0.051207
698.900024,0.051216
700.299988,0.051212
701.599976,0.051182
702.900024,0.051186
704.299988,0.051194
705.599976,0.051188
707.000000,0.051198
708.299988,0.051154
709.599976,0.051182
711.000000,0.051132
712.299988,0.051103
713.599976,0.051130
714.900024,0.051096
716.299988,0.051085
717.599976,0.051084
718.900024,0.051094
720.200012,0.051074
721.500000,0.051070
722.900024,0.051061
724.200012,0.051029
725.500000,0.051035
726.799988,0.051051
728.099976,0.050993
729.400024,0.050980
730.700012,0.051036
732.099976,0.050995
733.400024,0.050974
734.700012,0.050975
736.000000,0.050969
737.299988,0.050936
738.599976,0.050899
739.900024,0.050916
741.200012,0.050882
742.500000,0.050911
743.799988,0.050895
745.099976,0.050904
746.400024,0.050946
747.700012,0.050903
749.000000,0.050920
750.200012,0.050869
751.500000,0.050868
752.799988,0.050909
754.099976,0.050873
755.400024,0.050891
756.700012,0.050899
758.000000,0.050841
759.200012,0.050834
760.500000,0.050803
761.799988,0.050808
763.099976,0.050739
764.299988,0.050766
765.599976,0.050799
766.900024,0.050755
768.200012,0.050764
769.400024,0.050778
770.700012,0.050788
772.000000,0.050832
773.200012,0.050822
774.500000,0.050824
775.799988,0.050857
777.000000,0.050821
778.299988,0.050823
779.500000,0.050797
780.799988,0.050811
782.000000,0.050807
783.299988,0.050814
784.500000,0.050841
785.799988,0.050822
787.000000,0.050817
788.299988,0.050803
789.500000,0.050801
790.799988,0.050840
792.000000,0.050783
793.299988,0.050780
794.500000,0.050755
795.799988,0.050764
797.000000,0.050751
798.200012,0.050741
799.500000,0.050784
800.700012,0.050772
801.900024,0.050759
803.200012,0.050819
804.400024,0.050784
805.599976,0.050778
806.799988,0.050746
808.099976,0.050728
809.299988,0.050777
810.500000,0.050759
811.700012,0.050750
812.900024,0.050730
814.200012,0.050690
815.400024,0.050654
816.599976,0.050661
817.799988,0.050707
819.000000,0.050722
820.200012,0.050740
821.400024,0.050737
822.599976,0.050757
823.799988,0.050732
825.099976,0.050733
826.299988,0.050741
827.500000,0.050737
828.700012,0.050713
829.900024,0.050700
831.000000,0.050645
832.200012,0.050637
833.400024,0.050640
834.599976,0.050648
835.799988,0.050614
837.000000,0.050616
838.200012,0.050613
839.400024,0.050603
840.599976,0.050616
841.700012,0.050639
842.900024,0.050592
844.099976,0.050607
845.299988,0.050592
846.500000,0.050582
847.599976,0.050518
848.799988,0.050537
850.000000,0.050575
851.099976,0.050545
852.299988,0.050542
853.500000,0.050544
854.700012,0.050551
855.799988,0.050533
857.000000,0.050530
858.099976,0.050537
859.299988,0.050523
860.500000,0.050535
861.599976,0.050571
862.799988,0.050589
863.900024,0.050590
865.099976,0.050584
866.200012,0.050550
867.400024,0.050515
868.500000,0.050492
869.700012,0.050522
870.799988,0.050468
871.900024,0.050462
873.099976,0.050449
874.200012,0.050443
875.400024,0.050456
876.500000,0.050475
877.599976,0.050423
878.799988,0.050365
879.900024,0.050403
881.000000,0.050422
882.200012,0.050402
883.299988,0.050449
884.400024,0.050415
885.500000,0.050354
886.599976,0.050408
887.799988,0.050421
888.900024,0.050338
890.000000,0.050371
891.099976,0.050384
892.200012,0.050341
893.299988,0.050310
894.400024,0.050374
895.599976,0.050352
896.700012,0.050330
897.799988,0.050411
898.900024,0.050411
900.000000,0.050369
901.099976,0.050349
902.200012,0.050336
903.299988,0.050315
904.400024,0.050351
905.400024,0.050358
906.500000,0.050365
907.599976,0.050283
908.700012,0.050379
909.799988,0.050331
910.900024,0.050304
912.000000,0.050297
913.000000,0.050310
914.099976,0.050282
915.200012,0.050233
916.299988,0.050295
917.299988,0.050245
918.400024,0.050272
919.500000,0.050342
920.599976,0.050270
921.599976,0.050233
922.700012,0.050260
923.700012,0.050207
924.799988,0.050277
925.900024,0.050223
926.900024,0.050311
928.000000,0.050316
929.000000,0.050244
930.099976,0.050319
931.099976,0.050268
932.200012,0.050264
933.200012,0.050310
934.299988,0.050307
935.299988,0.050313
936.299988,0.050328
937.400024,0.050299
938.400024,0.050333
939.400024,0.050331
940.500000,0.050330
941.500000,0.050376
942.500000,0.050355
943.500000,0.050383
944.599976,0.050352
945.599976,0.050411
946.599976,0.050389
947.599976,0.050377
948.599976,0.050462
949.700012,0.050341
950.700012,0.050339
951.700012,0.050290
952.700012,0.050275
953.700012,0.050462
954.700012,0.050328
955.700012,0.050362
956.700012,0.050347
957.700012,0.050358
958.700012,0.050422
959.700012,0.050312
960.599976,0.050364
961.000000,0.050323
961.599976,0.050262
962.599976,0.050403
963.599976,0.050342
964.599976,0.050293
965.000000,0.050361
965.500000,0.050446
966.500000,0.050285
967.500000,0.050412
968.500000,0.050496
969.000000,0.050458
969.400024,0.050427
970.400024,0.050409
971.299988,0.050426
972.299988,0.050406
972.900024,0.050405
973.299988,0.050405
974.200012,0.050384
975.200012,0.050542
976.099976,0.050503
976.900024,0.050487
977.099976,0.050483
978.000000,0.050549
978.900024,0.050327
979.900024,0.050415
980.799988,0.050318
980.900024,0.050330
981.799988,0.050437
982.700012,0.050462
983.599976,0.050354
984.500000,0.050238
984.799988,0.050234
985.500000,0.050227
986.400024,0.050338
987.299988,0.050265
988.200012,0.050287
988.799988,0.050279
989.099976,0.050274
990.000000,0.050218
990.900024,0.049947
991.799988,0.049989
992.700012,0.049912
992.700012,0.049912
993.599976,0.050080
994.500000,0.049784
995.400024,0.049825
996.299988,0.049878
996.700012,0.049856
997.200012,0.049885
998.099976,0.049994
998.900024,0.050039
999.799988,0.050090
1000.700012,0.050141
1000.700012,0.050141
1001.599976,0.050120
1002.400024,0.050101
1003.299988,0.050079
1004.099976,0.050060
1004.599976,0.050048
1008.599976,0.050020
1012.500000,0.050126
1016.500000,0.050156
1020.400024,0.050236
1024.400024,0.050144
1028.300049,0.050086
1032.199951,0.050093
1036.199951,0.050110
1040.099976,0.050172
1044.099976,0.050112
1048.000000,0.050145
1051.900024,0.050218
1055.900024,0.050232
1059.800049,0.050173
1063.699951,0.050220
1067.599976,0.050284
1071.599976,0.050289
1075.500000,0.050250
1079.400024,0.050191
1083.300049,0.050249
1087.199951,0.050331
1091.199951,0.050348
1095.099976,0.050328
1099.000000,0.050336
1102.900024,0.050312
1106.800049,0.050363
1110.699951,0.050460
1114.599976,0.050417
1118.500000,0.050377
1122.400024,0.050364
1126.300049,0.050396
1130.199951,0.050489
1134.099976,0.050476
1138.000000,0.050396
1141.900024,0.050429
1145.800049,0.050544
1149.699951,0.050545
1153.500000,0.050488
1157.400024,0.050579
1161.300049,0.050593
1165.199951,0.050511
1169.099976,0.050538
1172.900024,0.050548
1176.800049,0.050568
1180.699951,0.050614
1184.599976,0.050629
1188.400024,0.050679
1192.300049,0.050658
1196.199951,0.050578
1200.000000,0.050633
1203.900024,0.050729
1207.699951,0.050786
1211.599976,0.050735
1215.500000,0.050727
1219.300049,0.050844
1223.199951,0.050835
1227.000000,0.050749
1230.900024,0.050788
1234.699951,0.050744
1238.500000,0.050724
1242.400024,0.050721
1246.199951,0.050708
1250.099976,0.050746
1253.900024,0.050791
1257.699951,0.050848
1261.599976,0.050859
1265.400024,0.050878
1269.199951,0.050825
1273.000000,0.050835
1276.900024,0.050905
1280.699951,0.050926
1284.500000,0.050987
1288.300049,0.051076
1292.099976,0.051072
1295.900024,0.051084
1299.699951,0.051076
1303.599976,0.051007
1307.400024,0.050984
1311.199951,0.051037
1315.000000,0.051156
1318.800049,0.051183
1322.599976,0.051198
1326.400024,0.051286
1330.099976,0.051324
1333.900024,0.051209
1337.699951,0.051169
1341.500000,0.051314
1345.300049,0.051360
1349.099976,0.051290
1352.900024,0.051167
1356.599976,0.051135
1360.400024,0.051190
1364.199951,0.051216
1368.000000,0.051198
1371.699951,0.051208
1375.500000,0.051317
1379.300049,0.051318
1383.000000,0.051299
1386.800049,0.051383
1390.500000,0.051390
1394.300049,0.051399
1398.000000,0.051435
1401.800049,0.051419
1405.500000,0.051380
1409.300049,0.051418
1413.000000,0.051516
1416.800049,0.051466
1420.500000,0.051419
1424.199951,0.051499
1428.000000,0.051567
1431.699951,0.051588
1435.400024,0.051580
1439.199951,0.051609
1442.900024,0.051668
1446.599976,0.051697
1450.300049,0.051717
1454.099976,0.051683
1457.800049,0.051690
1461.500000,0.051737
1465.199951,0.051805
1468.900024,0.051842
1472.599976,0.051880
1476.300049,0.051935
1480.000000,0.051965
1483.699951,0.052096
1487.400024,0.052133
1491.099976,0.052069
1494.800049,0.052060
1498.500000,0.052114
1502.199951,0.052163
1505.900024,0.052139
1509.500000,0.052157
1513.199951,0.052192
1516.900024,0.052224
1520.599976,0.052157
1524.300049,0.052169
1527.900024,0.052173
1531.599976,0.052266
1535.300049,0.052353
1538.900024,0.052290
1542.599976,0.052334
1546.199951,0.052346
1549.900024,0.052388
1553.500000,0.052416
1557.199951,0.052383
1560.800049,0.052358
1564.500000,0.052416
1568.099976,0.052430
1571.800049,0.052410
1575.400024,0.052439
1579.000000,0.052409
1582.699951,0.052438
1586.300049,0.052463
1589.900024,0.052573
1593.599976,0.052609
1597.199951,0.052560
1600.800049,0.052605
1604.400024,0.052573
1608.000000,0.052633
1611.599976,0.052620
1615.300049,0.052620
1618.900024,0.052674
1622.500000,0.052708
1626.099976,0.052775
1629.699951,0.052764
1633.300049,0.052734
1636.900024,0.052737
1640.400024,0.052805
1644.000000,0.052870
1647.599976,0.052881
1651.199951,0.052953
1654.800049,0.052965
1658.400024,0.052976
1661.900024,0.052995
1665.500000,0.052993
1669.099976,0.053018
1672.599976,0.053058
1676.199951,0.053170
1679.800049,0.053191
1683.300049,0.053226
1686.900024,0.053232
1690.400024,0.053195
1694.000000,0.053253
1697.500000,0.053207
1701.099976,0.053071
1704.599976,0.053031
1708.199951,0.053090
1711.699951,0.053157
1715.199951,0.053110
1718.800049,0.053100
1722.300049,0.053231
1725.800049,0.053317
1729.300049,0.053373
1732.900024,0.053301
1736.400024,0.053195
1739.900024,0.053309
1743.400024,0.053350
1746.900024,0.053333
1750.400024,0.053410
1753.900024,0.053333
1757.400024,0.053342
1760.900024,0.053394
1764.400024,0.053448
1767.900024,0.053378
1771.400024,0.053351
1774.900024,0.053506
1778.400024,0.053536
1781.800049,0.053538
1785.300049,0.053522
1788.800049,0.053630
1792.300049,0.053693
1795.699951,0.053688
1799.199951,0.053902
1802.699951,0.053947
1806.099976,0.053931
1809.599976,0.054027
1813.000000,0.053996
1816.500000,0.053995
1819.900024,0.054014
1823.400024,0.054075
1826.800049,0.054170
1830.300049,0.054259
1833.699951,0.054155
1837.099976,0.054136
1840.599976,0.054302
1844.000000,0.054267
1847.400024,0.054182
1850.800049,0.054296
1854.199951,0.054310
1857.699951,0.054218
1861.099976,0.054292
1864.500000,0.054304
1867.300049,0.054260
1867.900024,0.054251
1870.199951,0.054299
1871.300049,0.054321
1873.000000,0.054224
1874.699951,0.054128
1875.800049,0.054047
1878.099976,0.053879
1878.599976,0.053849
1881.400024,0.053801
1881.500000,0.053802
1884.199951,0.053784
1884.900024,0.053819
1887.000000,0.053970
1888.300049,0.053959
1889.900024,0.053932
1891.699951,0.053828
1892.699951,0.053767
1895.000000,0.053674
1895.500000,0.053654
1898.300049,0.053580
1898.400024,0.053594
1901.099976,0.053964
1901.800049,0.053912
1903.900024,0.053757
1905.199951,0.053760
1906.599976,0.053762
1909.400024,0.053873
1912.199951,0.053589
1915.000000,0.054102
1917.800049,0.053862
1920.599976,0.053978
1923.300049,0.053995
1926.099976,0.053598
1928.900024,0.053539
1931.699951,0.053672
1934.400024,0.053702
1937.199951,0.053642
1939.900024,0.053859
1942.699951,0.053915
1945.500000,0.053915
1948.199951,0.053907
1951.000000,0.053832
1953.699951,0.053935
1956.500000,0.054178
1959.199951,0.054326
1961.900024,0.054140
1964.699951,0.054134
1967.400024,0.054231
1970.099976,0.054237
1972.900024,0.054600
1975.599976,0.054597
1978.300049,0.054411
1981.099976,0.054771
1983.800049,0.054546
1986.500000,0.054480
1989.199951,0.055131
1991.900024,0.054890
1994.599976,0.054521
1997.300049,0.054837
2000.000000,0.055031
2002.699951,0.055062
2005.400024,0.054931
2008.099976,0.055044
2010.800049,0.055295
2013.500000,0.055297
2016.199951,0.055168
2018.900024,0.055154
2021.599976,0.055285
2024.300049,0.055492
2027.000000,0.055632
2029.599976,0.055631
2032.300049,0.055445
2035.000000,0.055635
2037.699951,0.055925
2040.300049,0.055849
2043.000000,0.055903
2045.599976,0.056202
2048.300049,0.056107
2051.000000,0.055884
2053.600098,0.056183
2056.300049,0.056231
2058.899902,0.056200
2061.600098,0.056518
2064.199951,0.056644
2066.899902,0.056670
2069.500000,0.056797
2072.100098,0.056728
2074.800049,0.056808
2077.399902,0.056813
2080.000000,0.056630
2082.600098,0.056934
2085.300049,0.057260
2087.899902,0.057015
2090.500000,0.057076
2093.100098,0.057242
2095.699951,0.057047
2098.399902,0.056994
2101.000000,0.057038
2103.600098,0.056979
2106.199951,0.057391
2108.800049,0.057712
2111.399902,0.057417
2114.000000,0.056929
2116.600098,0.057181
2119.100098,0.057664
2121.699951,0.057629
2124.300049,0.058020
2126.899902,0.057813
2129.500000,0.057691
2132.100098,0.057810
2134.600098,0.057770
2137.199951,0.057565
2139.800049,0.057628
2142.300049,0.057378
2144.899902,0.057528
2147.500000,0.057783
2150.000000,0.057584
2152.600098,0.056970
2155.100098,0.057212
2157.699951,0.057422
2160.199951,0.056991
2162.800049,0.057064
2165.300049,0.056783
2167.899902,0.056667
2170.399902,0.056717
2173.000000,0.056521
2175.500000,0.056210
2178.000000,0.056385
2180.500000,0.056592
2183.100098,0.056441
2185.600098,0.056208
2188.100098,0.056075
2190.600098,0.055893
2193.199951,0.055880
2195.699951,0.055882
2198.199951,0.055677
2200.699951,0.055921
2203.199951,0.055806
2205.699951,0.055596
2208.199951,0.056035
2210.699951,0.055774
2213.199951,0.055306
2215.699951,0.055433
2218.199951,0.055615
2220.699951,0.055938
2223.100098,0.055878
2225.600098,0.055410
2228.100098,0.055431
2230.600098,0.055859
2233.100098,0.055367
2235.500000,0.054917
2238.000000,0.055601
2240.500000,0.055518
2242.899902,0.055275
2245.399902,0.055405
2247.899902,0.055717
2250.300049,0.055267
2252.800049,0.055149
2255.199951,0.055700
2257.699951,0.055646
2260.100098,0.055554
2262.600098,0.055448
2265.000000,0.055512
2267.399902,0.055758
2269.899902,0.055355
2272.300049,0.054930
2274.699951,0.055799
2277.199951,0.056058
2279.600098,0.055560
2282.000000,0.055620
2284.399902,0.055095
2286.800049,0.055244
2289.300049,0.055869
2291.699951,0.055659
2294.100098,0.055172
2296.500000,0.055194
2298.899902,0.055108
2301.300049,0.054979
2303.699951,0.055886
2306.100098,0.055796
2308.500000,0.055207
2310.899902,0.055906
2313.300049,0.055679
2315.699951,0.055396
2318.000000,0.056406
2320.399902,0.056627
2322.800049,0.055859
2325.199951,0.056332
2327.600098,0.055944
2329.899902,0.055854
2332.300049,0.056694
2334.699951,0.056932
2337.000000,0.056981
2339.399902,0.056539
2341.699951,0.056467
2344.100098,0.056526
2346.399902,0.056482
2348.800049,0.056493
2351.100098,0.057062
2353.500000,0.057861
2355.800049,0.057643
2358.199951,0.057069
2360.500000,0.057693
2362.800049,0.057774
2365.199951,0.056614
2367.500000,0.056900
2369.800049,0.056834
2372.199951,0.056722
2374.500000,0.056976
2376.800049,0.057257
2379.100098,0.057576
2381.399902,0.058119
2383.699951,0.058175
2386.000000,0.058000
2388.300049,0.058878
2390.699951,0.057379
2393.000000,0.056400
2395.199951,0.056950
2397.500000,0.056423
2399.800049,0.057100
2402.100098,0.057909
2404.399902,0.056787
2406.699951,0.056704
2409.000000,0.059378
2411.300049,0.058866
2413.500000,0.057024
2415.800049,0.058705
2418.100098,0.058864
2420.399902,0.058330
2422.600098,0.058669
2424.899902,0.058327
2427.100098,0.057532
2429.399902,0.058870
2431.699951,0.059854
2433.899902,0.058876
2436.199951,0.059638
2438.399902,0.059303
2440.699951,0.056468
2442.899902,0.058763
2445.100098,0.060133
2447.399902,0.059590
2449.600098,0.058051
2451.800049,0.057488
2454.100098,0.060111
2456.300049,0.061122
2458.500000,0.059241
2460.699951,0.057609
2463.000000,0.058807
2465.199951,0.058579
2467.399902,0.057552
2469.600098,0.059180
2471.800049,0.059775
2474.000000,0.059309
2476.199951,0.059020
2478.399902,0.058321
2480.600098,0.058900
2482.800049,0.061612
2485.000000,0.060519
2487.199951,0.058271
2489.399902,0.060549
2491.600098,0.059348
2493.800049,0.055638
2495.899902,0.058473
2498.100098,0.061668
2500.300049,0.060691
2502.500000,0.057215
2504.600098,0.055039
